"TIMESTAMP"	"BulkEC_5cm"	"BulkEC_10cm"	"BulkEC_20cm"	"BulkEC_30cm"	"BulkEC_40cm"	"BulkEC_50cm"	"BulkEC_60cm"	"BulkEC_75cm"	"BulkEC_100cm"
"2025-04-22 12:15:00"	0.0113453	0.0221919	0.0262387	0.0484336	0.0995405	0.1381024	0.1650534	0.1825556	0.4765108
"2025-04-22 12:30:00"	0.0149032	0.0206655	0.0268453	0.050366	0.1007808	0.1384649	0.1569866	0.1791455	0.4780258
"2025-04-22 12:45:00"	0.0125797	0.0208233	0.0259252	0.0472167	0.0989882	0.1336211	0.1607102	0.1776885	0.4779763
"2025-04-22 13:00:00"	0.0144083	0.0204879	0.0264337	0.0473678	0.0986799	0.1339326	0.1646508	0.1800229	0.4792883
"2025-04-22 13:15:00"	0.0114323	0.0202686	0.0256546	0.0479579	0.1006304	0.1357342	0.1612246	0.1818479	0.4757175
"2025-04-22 13:30:00"	0.0148063	0.0172616	0.028753	0.0495294	0.0977124	0.1324823	0.1589209	0.1766875	0.4728894
"2025-04-22 13:45:00"	0.0127861	0.0196578	0.0292149	0.0523353	0.1009083	0.1334707	0.1649815	0.1796078	0.4755708
"2025-04-22 14:00:00"	0.011574	0.0199933	0.0255661	0.04986	0.100316	0.1308504	0.1632839	0.177758	0.478048
"2025-04-22 14:15:00"	0.0150209	0.0160932	0.0276265	0.0488737	0.0990098	0.1324438	0.1563637	0.1793561	0.4775701
"2025-04-22 14:30:00"	0.0118865	0.0176399	0.0250313	0.0486618	0.0975078	0.1307196	0.1628025	0.17859	0.4765294
"2025-04-22 14:45:00"	0.0128784	0.0166022	0.0290773	0.0487519	0.0992573	0.1323864	0.1617328	0.1764209	0.4754482
"2025-04-22 15:00:00"	0.0124087	0.0180871	0.0270924	0.0481803	0.0990321	0.1327269	0.1658921	0.1801472	0.4762335
"2025-04-22 15:15:00"	0.0117473	0.0175799	0.0253666	0.0475304	0.0997752	0.1316771	0.159488	0.1778416	0.4733265
"2025-04-22 15:30:00"	0.0119038	0.0158736	0.0275784	0.049088	0.1026013	0.1298694	0.153431	0.1775935	0.4713414
"2025-04-22 15:45:00"	0.0148015	0.0184283	0.0261204	0.047168	0.0984851	0.1304963	0.1632532	0.1770088	0.4766374
"2025-04-22 16:00:00"	0.0125539	0.0175236	0.0293675	0.0483885	0.0981004	0.1304165	0.1599546	0.1783049	0.4772533
"2025-04-22 16:15:00"	0.0112373	0.0165552	0.0266621	0.0508114	0.0986909	0.1310418	0.1589847	0.181209	0.4757007
"2025-04-22 16:30:00"	0.0095752	0.0175442	0.0270279	0.0496272	0.1011858	0.1311362	0.1594735	0.180839	0.4736476
"2025-04-22 16:45:00"	0.0086945	0.0174177	0.0270604	0.0499058	0.1008224	0.1307883	0.1564868	0.177312	0.4762229
"2025-04-22 17:00:00"	0.0116977	0.0174046	0.0262868	0.0469506	0.1018223	0.1303288	0.1647398	0.1733827	0.4774123
"2025-04-22 17:15:00"	0.009398	0.0157904	0.0263092	0.0491363	0.10274	0.131407	0.1585791	0.1790188	0.4770658
"2025-04-22 17:30:00"	0.011958	0.0155867	0.0292225	0.0469821	0.0997567	0.1346304	0.1633266	0.1793983	0.4740163
"2025-04-22 17:45:00"	0.0111249	0.0168958	0.0246146	0.0503306	0.1016942	0.1333268	0.1624559	0.1842736	0.4796651
"2025-04-22 18:00:00"	0.0102611	0.0162312	0.0270382	0.0497385	0.100262	0.1305717	0.1602941	0.1779943	0.4692414
"2025-04-22 18:15:00"	0.0097509	0.0154232	0.0269005	0.048153	0.1017905	0.1324467	0.1660601	0.1780356	0.4735195
"2025-04-22 18:30:00"	0.0076134	0.0177353	0.0274086	0.0478351	0.1010565	0.1320341	0.1635103	0.1825295	0.4763073
"2025-04-22 18:45:00"	0.0105537	0.017006	0.0270331	0.0505829	0.1014092	0.1325991	0.1610935	0.1782756	0.4697964
"2025-04-22 19:00:00"	0.0083888	0.0150867	0.025728	0.0462142	0.1008282	0.1339766	0.162122	0.1801623	0.4710599
"2025-04-22 19:15:00"	0.0103783	0.0142021	0.0264429	0.0488653	0.1010217	0.133477	0.1612417	0.1804974	0.4742954
"2025-04-22 19:30:00"	0.0093118	0.0163358	0.0260573	0.0495031	0.1035298	0.1306398	0.1585713	0.1790818	0.4775062
"2025-04-22 19:45:00"	0.010434	0.0157446	0.0270042	0.0512104	0.1008616	0.1324986	0.1564579	0.1784668	0.4718999
"2025-04-22 20:00:00"	0.010029	0.0141896	0.02691	0.0504536	0.1005469	0.1328374	0.1609438	0.1779358	0.4738788
"2025-04-22 20:15:00"	0.009131	0.015619	0.0239334	0.0468309	0.1008403	0.1333643	0.1610152	0.1783873	0.472743
"2025-04-22 20:30:00"	0.0092729	0.0151092	0.0239408	0.0480669	0.0984477	0.13276	0.1568072	0.1814706	0.4760075
"2025-04-22 20:45:00"	0.0092293	0.0160452	0.0250573	0.0504098	0.0986603	0.1316534	0.1615057	0.1777693	0.4707784
"2025-04-22 21:00:00"	0.0117816	0.0152742	0.026989	0.0472188	0.0997375	0.1335097	0.1620615	0.1770793	0.4699356
"2025-04-22 21:15:00"	0.0083339	0.014221	0.0236947	0.0489374	0.1005577	0.1343928	0.1584544	0.1784858	0.4720279
"2025-04-22 21:30:00"	0.0067348	0.0148838	0.0241609	0.0475117	0.1025008	0.1316958	0.1643107	0.1757917	0.4730038
"2025-04-22 21:45:00"	0.0082396	0.0147682	0.0261999	0.0488265	0.1029966	0.1338059	0.1645006	0.1786488	0.4709613
"2025-04-22 22:00:00"	0.0079458	0.0156293	0.0273585	0.0491732	0.1049935	0.1330406	0.1644482	0.1830535	0.4736646
"2025-04-22 22:15:00"	0.0094364	0.0158294	0.0260854	0.0505989	0.1049804	0.1338568	0.1600166	0.1799282	0.4701231
"2025-04-22 22:30:00"	0.0082592	0.0151641	0.0243418	0.0502964	0.100516	0.1338523	0.1609971	0.1789625	0.4722987
"2025-04-22 22:45:00"	0.0081052	0.0130817	0.0241645	0.0487323	0.1019954	0.1362483	0.1588372	0.1785895	0.4700865
"2025-04-22 23:00:00"	0.0085105	0.0140388	0.0244957	0.05041	0.1026746	0.1344087	0.1598844	0.1771369	0.4745983
"2025-04-22 23:15:00"	0.0099473	0.0153393	0.0257626	0.0504789	0.1019709	0.1348007	0.1591749	0.1768198	0.4695209
"2025-04-22 23:30:00"	0.0084402	0.0152197	0.0251466	0.0503657	0.1046527	0.135931	0.1588676	0.1780774	0.4730149
"2025-04-22 23:45:00"	0.0073592	0.0143021	0.0246109	0.049451	0.1017413	0.1330746	0.1636796	0.1777175	0.4716161
"2025-04-23 00:00:00"	0.0086696	0.0143931	0.0259761	0.0501186	0.1032247	0.134731	0.163267	0.1793931	0.4727424
"2025-04-23 00:15:00"	0.0080938	0.0150458	0.0245588	0.050141	0.100922	0.1358608	0.1651993	0.177744	0.4721907
"2025-04-23 00:30:00"	0.0093791	0.0146205	0.025618	0.0503286	0.1038086	0.1343134	0.1597143	0.1784772	0.4754957
"2025-04-23 00:45:00"	0.0066032	0.0132299	0.0240955	0.0502326	0.1050756	0.1329581	0.1611064	0.1804358	0.4707997
"2025-04-23 01:00:00"	0.0066757	0.0154955	0.0249882	0.0509426	0.1037915	0.1332005	0.1559541	0.1781441	0.4750538
"2025-04-23 01:15:00"	0.0081024	0.010598	0.0255158	0.0525762	0.1006746	0.1354966	0.1596873	0.1823937	0.4683752
"2025-04-23 01:30:00"	0.0070807	0.0140976	0.0271292	0.0512922	0.1061012	0.1342928	0.1621883	0.1777255	0.4735065
"2025-04-23 01:45:00"	0.0089433	0.0139163	0.0251232	0.052064	0.103751	0.1331219	0.1605386	0.1783683	0.4717847
"2025-04-23 02:00:00"	0.0079575	0.0122506	0.021082	0.05157	0.1015234	0.1320327	0.164606	0.1816857	0.4753524
"2025-04-23 02:15:00"	0.0083068	0.0138841	0.0265081	0.0524132	0.1040384	0.1346669	0.1585494	0.1799081	0.4726073
"2025-04-23 02:30:00"	0.0083732	0.0119026	0.0272675	0.047843	0.1016643	0.1364781	0.1554672	0.1791108	0.4742784
"2025-04-23 02:45:00"	0.00805	0.0144616	0.0268571	0.0513906	0.1043107	0.1355072	0.1611365	0.1776426	0.4725839
"2025-04-23 03:00:00"	0.0088547	0.0119067	0.0257166	0.0520364	0.1037946	0.1335758	0.1661258	0.1803016	0.4755467
"2025-04-23 03:15:00"	0.00518	0.0134976	0.0239598	0.0510451	0.1023681	0.1353171	0.1566456	0.1787041	0.471983
"2025-04-23 03:30:00"	0.007944	0.013863	0.0281958	0.05092	0.1017662	0.1352124	0.1658356	0.1789276	0.4750992
"2025-04-23 03:45:00"	0.0078246	0.0144527	0.0234185	0.0480007	0.1024961	0.1335806	0.1625365	0.180373	0.4703473
"2025-04-23 04:00:00"	0.0074695	0.013211	0.0246427	0.0506789	0.102899	0.1352191	0.1636911	0.1792421	0.474573
"2025-04-23 04:15:00"	0.0076325	0.0115551	0.0264033	0.0508348	0.10462	0.1322469	0.1553234	0.1779021	0.4751877
"2025-04-23 04:30:00"	0.007798	0.0128538	0.0241764	0.0525397	0.1059268	0.1378457	0.1655993	0.1803448	0.4735474
"2025-04-23 04:45:00"	0.0095627	0.014264	0.0223935	0.0504347	0.1026402	0.1379518	0.1669042	0.1784236	0.4737352
"2025-04-23 05:00:00"	0.0078844	0.0125757	0.0248629	0.0507249	0.1021701	0.1355536	0.1590202	0.1779467	0.4721695
"2025-04-23 05:15:00"	0.005529	0.0116309	0.0233012	0.0496957	0.1025613	0.1345488	0.1573179	0.1799115	0.4706543
"2025-04-23 05:30:00"	0.0062335	0.0105873	0.0252991	0.0508883	0.103309	0.1354946	0.1626101	0.1765869	0.4742293
"2025-04-23 05:45:00"	0.0073003	0.0143661	0.0235456	0.053639	0.1057524	0.1351907	0.1616364	0.1784789	0.4756825
"2025-04-23 06:00:00"	0.0080671	0.0115061	0.0265019	0.0504762	0.1044895	0.1383624	0.1633409	0.1796045	0.4681286
"2025-04-23 06:15:00"	0.0097311	0.0117848	0.0226228	0.0515493	0.1044527	0.1380304	0.1638659	0.1796345	0.4735273
"2025-04-23 06:30:00"	0.0080142	0.0109843	0.0259605	0.0525345	0.1046991	0.1370766	0.1585007	0.178491	0.4761325
"2025-04-23 06:45:00"	0.0080864	0.0116589	0.0228727	0.0514472	0.1052338	0.1357099	0.1650474	0.1760255	0.4766044
"2025-04-23 07:00:00"	0.0060308	0.0126465	0.0266002	0.0507627	0.1052763	0.1375486	0.1520362	0.179396	0.4738001
"2025-04-23 07:15:00"	0.0074468	0.0115896	0.0255056	0.0529515	0.1040917	0.1350059	0.1623388	0.1766681	0.4752768
"2025-04-23 07:30:00"	0.0064363	0.0150515	0.0225976	0.0523442	0.1053375	0.1370144	0.1643883	0.1791787	0.4743852
"2025-04-23 07:45:00"	0.0072865	0.0112119	0.0253296	0.0491159	0.1046329	0.1369307	0.1640295	0.1803045	0.4739566
"2025-04-23 08:00:00"	0.0072158	0.0119156	0.0245537	0.0504862	0.1029688	0.1367555	0.1676193	0.1794507	0.4731106
"2025-04-23 08:15:00"	0.0069847	0.0104265	0.0239945	0.0505873	0.1045758	0.1354342	0.1573232	0.1792139	0.4715356
"2025-04-23 08:30:00"	0.0077481	0.0123796	0.0250014	0.052132	0.104958	0.1357192	0.1650899	0.1792911	0.471754
"2025-04-23 08:45:00"	0.0063875	0.0113919	0.024999	0.0502124	0.1040783	0.1374831	0.1664598	0.1774491	0.4757073
"2025-04-23 09:00:00"	0.0071077	0.0125237	0.0240922	0.0528694	0.1048616	0.1375721	0.1622267	0.1798381	0.4710327
"2025-04-23 09:15:00"	0.0071173	0.0136644	0.025342	0.0530384	0.1042318	0.1405403	0.1619791	0.181409	0.4739713
"2025-04-23 09:30:00"	0.0063937	0.0130191	0.0228204	0.0523545	0.1045809	0.1354238	0.1630054	0.1785527	0.4718012
"2025-04-23 09:45:00"	0.0071755	0.0119707	0.0249414	0.0509819	0.1043658	0.1392591	0.1631817	0.1790496	0.4727274
"2025-04-23 10:00:00"	0.0073262	0.013637	0.0254452	0.0521443	0.1032798	0.1367042	0.1580452	0.1826686	0.4740917
"2025-04-23 10:15:00"	0.0106756	0.0145364	0.0235787	0.0493716	0.1069207	0.1354169	0.16056	0.1786669	0.4752423
"2025-04-23 10:30:00"	0.0063444	0.0105581	0.0223378	0.0495001	0.1047401	0.1367035	0.1613916	0.1782865	0.4730742
"2025-04-23 10:45:00"	0.0075072	0.0129092	0.0225048	0.0528978	0.1032704	0.1365037	0.1622516	0.1768527	0.4735321
"2025-04-23 11:00:00"	0.0074009	0.0133046	0.0272996	0.0527866	0.1047314	0.137877	0.1634891	0.1802268	0.4785913
"2025-04-23 11:15:00"	0.0092442	0.0092587	0.0221487	0.0516188	0.105011	0.1356832	0.164315	0.1790559	0.4727663
"2025-04-23 11:30:00"	0.0090769	0.0111852	0.0253961	0.0506219	0.1075215	0.1352963	0.1597284	0.175755	0.4751607
"2025-04-23 11:45:00"	0.0066799	0.0113622	0.0247536	0.05051	0.1034595	0.1351482	0.1645441	0.1787636	0.4748812
"2025-04-23 12:00:00"	0.0075011	0.012869	0.0218754	0.0536412	0.1028258	0.1354569	0.159677	0.1795485	0.4709075
"2025-04-23 12:15:00"	0.0064311	0.0111757	0.0211121	0.0495204	0.1069868	0.1385923	0.1659445	0.1799805	0.4692025
"2025-04-23 12:30:00"	0.0072575	0.0131206	0.0219148	0.0518132	0.1065053	0.1366432	0.1587437	0.1808665	0.4692685
"2025-04-23 12:45:00"	0.0092917	0.0100471	0.0243167	0.0505735	0.1048986	0.1373938	0.1597052	0.1770431	0.4728048
"2025-04-23 13:00:00"	0.0056472	0.0104518	0.0238077	0.0499967	0.1052765	0.1366804	0.1616597	0.1823398	0.4746114
"2025-04-23 13:15:00"	0.0036613	0.0107695	0.0229354	0.0514104	0.1065046	0.1382453	0.1625814	0.1778629	0.4748818
"2025-04-23 13:30:00"	0.0078611	0.0137523	0.0243727	0.049563	0.1052019	0.1356409	0.1639343	0.1788231	0.4708462
"2025-04-23 13:45:00"	0.0063371	0.0104871	0.0247926	0.0513421	0.1044685	0.1341862	0.1607126	0.179208	0.4741827
"2025-04-23 14:00:00"	0.0049966	0.0104625	0.0234772	0.0523909	0.1041049	0.1380365	0.1596349	0.1772952	0.4724228
"2025-04-23 14:15:00"	0.008237	0.0104975	0.0217375	0.0504119	0.1044732	0.1338213	0.1648253	0.1781295	0.4730527
"2025-04-23 14:30:00"	0.0062275	0.0108245	0.0214871	0.0483893	0.1043612	0.1364042	0.1566542	0.1801711	0.4690096
"2025-04-23 14:45:00"	0.0069426	0.0133995	0.0221718	0.0513603	0.1049963	0.1382869	0.1613621	0.1818091	0.4731548
"2025-04-23 15:00:00"	0.0064645	0.00956	0.0239366	0.050086	0.1032187	0.1365279	0.1652514	0.179579	0.4750556
"2025-04-23 15:15:00"	0.004201	0.0124243	0.0219449	0.0519129	0.104845	0.1378261	0.1591464	0.1785452	0.4732682
"2025-04-23 15:30:00"	0.0066478	0.0096109	0.0233341	0.0496709	0.1046182	0.1365419	0.162166	0.177823	0.4719862
"2025-04-23 15:45:00"	0.0063958	0.0096413	0.0225968	0.0506574	0.103339	0.1329493	0.1622884	0.1783177	0.4703863
"2025-04-23 16:00:00"	0.0059084	0.0124476	0.0219781	0.0520536	0.1048918	0.1389959	0.1665072	0.1785013	0.4728856
"2025-04-23 16:15:00"	0.0069906	0.0095124	0.0237533	0.0507547	0.1077158	0.1361337	0.1647494	0.1821752	0.4729171
"2025-04-23 16:30:00"	0.0040685	0.0103086	0.0238345	0.0523599	0.1039018	0.1356511	0.1664144	0.1780458	0.4724191
"2025-04-23 16:45:00"	0.0054782	0.0099095	0.0198735	0.0519415	0.1067011	0.1391183	0.1580459	0.1762176	0.4741912
"2025-04-23 17:00:00"	0.0068509	0.0092739	0.0209155	0.0504924	0.1064375	0.1372	0.1586119	0.1800187	0.4718899
"2025-04-23 17:15:00"	0.00397	0.0104317	0.0244049	0.051906	0.1053111	0.1365799	0.1653922	0.1797847	0.4741177
"2025-04-23 17:30:00"	0.0051993	0.0099328	0.0229985	0.0519446	0.1061906	0.1357555	0.1663648	0.1801545	0.4754221
"2025-04-23 17:45:00"	0.0045538	0.0101502	0.0220241	0.0509862	0.1064618	0.1366809	0.1635031	0.1801071	0.475832
"2025-04-23 18:00:00"	0.0046139	0.0092875	0.0227967	0.0523555	0.1041098	0.1378986	0.1588356	0.1790579	0.474541
"2025-04-23 18:15:00"	0.004539	0.0108518	0.0209698	0.0503513	0.1047994	0.1375854	0.1652231	0.1815674	0.4750967
"2025-04-23 18:30:00"	0.0044765	0.0117548	0.0221556	0.052283	0.1061295	0.1363023	0.1644735	0.1800243	0.4723731
"2025-04-23 18:45:00"	0.0048265	0.0105591	0.0236503	0.0511415	0.1049744	0.1388998	0.1559668	0.1825718	0.4707997
"2025-04-23 19:00:00"	0.0036757	0.008251	0.0221508	0.0520467	0.1032605	0.1399797	0.1652104	0.1813927	0.4779085
"2025-04-23 19:15:00"	0.0033864	0.011114	0.0221227	0.0517576	0.1046334	0.1374657	0.1627636	0.1804723	0.4762078
"2025-04-23 19:30:00"	0.0046466	0.0073686	0.0223036	0.0495613	0.1057574	0.1371815	0.1611626	0.1829609	0.4766509
"2025-04-23 19:45:00"	0.0025368	0.0111302	0.0202382	0.0512262	0.1053673	0.1362532	0.1679621	0.1799163	0.4735805
"2025-04-23 20:00:00"	0.0039411	0.0084515	0.0180653	0.0531302	0.1046921	0.1360756	0.1679568	0.1810805	0.4779988
"2025-04-23 20:15:00"	0.0050058	0.0069384	0.0196373	0.0533374	0.1041066	0.1365561	0.1632432	0.1794923	0.475882
"2025-04-23 20:30:00"	0.0046819	0.0102519	0.0204712	0.0519143	0.1055239	0.1384697	0.163998	0.1816119	0.4736233
"2025-04-23 20:45:00"	0.0035824	0.0084835	0.023456	0.0510119	0.1045228	0.1374488	0.1663525	0.1817704	0.4728858
"2025-04-23 21:00:00"	0.0035988	0.0102786	0.0222243	0.0515727	0.107231	0.1358952	0.1620204	0.1809024	0.4762562
"2025-04-23 21:15:00"	0.0049823	0.0118828	0.0245001	0.0513654	0.1048985	0.1356679	0.1696086	0.1809483	0.47416
"2025-04-23 21:30:00"	0.0045381	0.0087061	0.0212451	0.0500622	0.1045014	0.1348667	0.1635687	0.1800338	0.4765848
"2025-04-23 21:45:00"	0.0046445	0.0074166	0.0210468	0.0505701	0.1056453	0.1381081	0.1646884	0.1811872	0.4719396
"2025-04-23 22:00:00"	0.0040108	0.012703	0.0206857	0.0512524	0.1074535	0.136591	0.1624375	0.1784738	0.4707399
"2025-04-23 22:15:00"	0.0043317	0.0088878	0.023194	0.0499322	0.1062817	0.1361411	0.1632572	0.1773419	0.4738402
"2025-04-23 22:30:00"	0.0044585	0.0116941	0.0216651	0.0511457	0.1080236	0.1391132	0.1675905	0.1817838	0.4744963
"2025-04-23 22:45:00"	0.0024157	0.0084463	0.0216447	0.0500457	0.106106	0.1379519	0.163087	0.1785154	0.47476
"2025-04-23 23:00:00"	0.003893	0.0083269	0.0219976	0.0478469	0.1039251	0.1384864	0.1661236	0.1825735	0.4765471
"2025-04-23 23:15:00"	0.0027976	0.0054602	0.0202657	0.0531686	0.1053424	0.1383743	0.1611055	0.1821028	0.4709095
"2025-04-23 23:30:00"	0.0014113	0.0093075	0.021764	0.0526021	0.1055429	0.1397067	0.1614946	0.1820005	0.4724962
"2025-04-23 23:45:00"	0.0038147	0.0094686	0.0216184	0.0504818	0.1076047	0.135861	0.1633962	0.1792946	0.4767233
"2025-04-24 00:00:00"	0.0037383	0.008296	0.0214452	0.0516309	0.106147	0.1406747	0.1638183	0.1792723	0.4739968
"2025-04-24 00:15:00"	0.000931	0.0082326	0.0200323	0.0504868	0.1059055	0.1372142	0.1655599	0.1811959	0.4718987
"2025-04-24 00:30:00"	0.0050094	0.0070966	0.0204994	0.0513989	0.1041122	0.1376845	0.1622991	0.1786977	0.4731422
"2025-04-24 00:45:00"	0.0028633	0.0098568	0.0242984	0.0496894	0.1062429	0.1372508	0.1617873	0.1826058	0.4715962
"2025-04-24 01:00:00"	0.0021322	0.0114325	0.0216188	0.0486711	0.1052157	0.1369305	0.1642707	0.1798488	0.4710265
"2025-04-24 01:15:00"	0.0057425	0.0072497	0.0216211	0.0527432	0.1048706	0.1394133	0.1667413	0.1804355	0.4713168
"2025-04-24 01:30:00"	0.0040565	0.0087613	0.0208599	0.0534275	0.1035448	0.1374189	0.1690223	0.1783296	0.4767245
"2025-04-24 01:45:00"	0.003438	0.0059459	0.0198191	0.0498715	0.1066987	0.1379344	0.1630295	0.1809115	0.4747659
"2025-04-24 02:00:00"	0.002878	0.0092541	0.0211462	0.051737	0.1040146	0.1366617	0.169554	0.179085	0.4736168
"2025-04-24 02:15:00"	0.0025162	0.0075419	0.0221606	0.0523243	0.1054587	0.1395156	0.1639713	0.1818151	0.4719681
"2025-04-24 02:30:00"	0.0035615	0.0086671	0.0208394	0.0497464	0.1056425	0.1383303	0.1663877	0.1823863	0.4730636
"2025-04-24 02:45:00"	0.0031531	0.0087544	0.0206029	0.0513135	0.1053671	0.1393796	0.1659416	0.1795894	0.4718139
"2025-04-24 03:00:00"	0.0034257	0.0086936	0.020849	0.0506063	0.1052283	0.1376013	0.1668022	0.180242	0.4731289
"2025-04-24 03:15:00"	0.0048418	0.0076036	0.0190825	0.0515844	0.1064649	0.1374878	0.1594649	0.1815475	0.4735754
"2025-04-24 03:30:00"	0.0034249	0.0092094	0.0211176	0.0504563	0.1054834	0.1373076	0.1597449	0.1802094	0.4713356
"2025-04-24 03:45:00"	0.0023583	0.0052058	0.0217076	0.0520016	0.1048421	0.1387871	0.1664108	0.1825189	0.4756615
"2025-04-24 04:00:00"	0.0029515	0.0085395	0.0206773	0.0519244	0.1063491	0.1380172	0.1679072	0.1814334	0.4735923
"2025-04-24 04:15:00"	0.0032824	0.0064698	0.0197974	0.0509043	0.1048624	0.1391365	0.1680843	0.1828236	0.4726244
"2025-04-24 04:30:00"	0.0054491	0.0081775	0.0215747	0.0515977	0.1038683	0.1380782	0.1666235	0.179656	0.473825
"2025-04-24 04:45:00"	0.003953	0.0086927	0.0212878	0.0520933	0.1061907	0.1367155	0.1656117	0.1786302	0.475164
"2025-04-24 05:00:00"	0.0021962	0.0068443	0.0196316	0.0514423	0.1052326	0.137979	0.1646449	0.1836906	0.4726369
"2025-04-24 05:15:00"	0.0035472	0.0064021	0.0215034	0.0519456	0.1054432	0.1342272	0.1620473	0.1817871	0.4727511
"2025-04-24 05:30:00"	0.0040675	0.0059493	0.0207834	0.0500145	0.105822	0.1379173	0.1624095	0.179158	0.4759602
"2025-04-24 05:45:00"	0.0013239	0.0070419	0.0222792	0.0528067	0.1051978	0.1380039	0.1630211	0.1810836	0.4728249
"2025-04-24 06:00:00"	0.0011243	0.0070499	0.0195195	0.0536494	0.1058861	0.1383778	0.1630959	0.1783845	0.4700295
"2025-04-24 06:15:00"	0.0027352	0.0045981	0.0201197	0.0519628	0.1073499	0.1362035	0.166606	0.1793353	0.4756195
"2025-04-24 06:30:00"	0.0036515	0.0076781	0.0201644	0.0533907	0.1045782	0.1392962	0.1638638	0.180379	0.4729604
"2025-04-24 06:45:00"	0.0005548	0.008523	0.0210106	0.0514252	0.1063759	0.1371755	0.1678913	0.179778	0.4728747
"2025-04-24 07:00:00"	0.0034704	0.0060546	0.0192164	0.0512027	0.1053799	0.1378289	0.1668745	0.1803181	0.4730935
"2025-04-24 07:15:00"	0.0041939	0.0074173	0.0205682	0.0512444	0.1053767	0.1379801	0.1590481	0.1796467	0.4716511
"2025-04-24 07:30:00"	0.0025416	0.0091719	0.019788	0.0526606	0.1054495	0.1348425	0.1634474	0.1758019	0.4756399
"2025-04-24 07:45:00"	0.0043087	0.0053758	0.0203916	0.0525491	0.1054524	0.1368361	0.1646809	0.1809752	0.4750653
"2025-04-24 08:00:00"	0.0043174	0.0061886	0.0213936	0.0507833	0.1061898	0.1388672	0.1625787	0.1789505	0.4749925
"2025-04-24 08:15:00"	0.0013456	0.0085689	0.0216659	0.0508226	0.1064767	0.1399004	0.1638649	0.1785986	0.4738846
"2025-04-24 08:30:00"	0.0031456	0.0069817	0.0213051	0.0486242	0.1055133	0.1388507	0.1631243	0.1801604	0.4710932
"2025-04-24 08:45:00"	0.0036715	0.0078437	0.0206904	0.0516457	0.1056201	0.1378595	0.1665003	0.1799538	0.475302
"2025-04-24 09:00:00"	0.0014234	0.0066411	0.0211268	0.0535411	0.1062819	0.1357191	0.1622372	0.1796057	0.4754263
"2025-04-24 09:15:00"	0.003456	0.0079716	0.0204799	0.052643	0.1052264	0.138911	0.1625547	0.1810684	0.4757151
"2025-04-24 09:30:00"	0.0025301	0.0064029	0.0217995	0.0476339	0.1064009	0.139762	0.1673537	0.1801638	0.4735487
"2025-04-24 10:00:00"	0.0028873	0.0074193	0.0184298	0.0499501	0.1050146	0.1394766	0.1637719	0.179579	0.4724741
"2025-04-24 10:15:00"	0.0048902	0.0076798	0.0189912	0.0486908	0.1058169	0.1382524	0.1633852	0.1766563	0.4714618
"2025-04-24 10:30:00"	0.0034306	0.0067552	0.0211765	0.0508189	0.1054813	0.1379659	0.170475	0.181102	0.475492
"2025-04-24 10:45:00"	0.0019938	0.0058197	0.0174559	0.0523767	0.1059393	0.1396896	0.1647554	0.1781289	0.4717854
"2025-04-24 11:00:00"	0.0021652	0.0061116	0.0200802	0.0514739	0.1043797	0.1393571	0.1633344	0.1796104	0.4712169
"2025-04-24 11:15:00"	0.0022297	0.0085483	0.02138	0.0508761	0.1074746	0.1397503	0.1644111	0.1775054	0.4695086
"2025-04-24 11:30:00"	0.0032702	0.0071905	0.0204826	0.0523532	0.1062605	0.1402244	0.1673331	0.1792454	0.4703876
"2025-04-24 11:45:00"	0.0032498	0.0071777	0.0205908	0.0528599	0.1076968	0.1396181	0.1609648	0.1803476	0.4719623
"2025-04-24 12:00:00"	0.0027595	0.0078138	0.0202695	0.0522261	0.1067188	0.1388115	0.1686215	0.1782626	0.4714352
"2025-04-24 12:15:00"	0.000729	0.0049545	0.0215943	0.04943	0.1059343	0.1386241	0.163304	0.1795983	0.4708042
"2025-04-24 12:30:00"	0.0029027	0.0071663	0.0192134	0.0498596	0.1097193	0.1379562	0.1600816	0.1791308	0.47439
"2025-04-24 12:45:00"	0.0024436	0.0088428	0.0181266	0.0497918	0.105254	0.1375424	0.1677103	0.1787028	0.472493
"2025-04-24 13:00:00"	0.003901	0.0047252	0.0200153	0.0503412	0.1046111	0.1369979	0.1582108	0.1803127	0.4757797
"2025-04-24 13:15:00"	0.0041175	0.0063378	0.0185567	0.0491476	0.1054841	0.1383214	0.166443	0.1794709	0.4721006
"2025-04-24 13:30:00"	0.0029497	0.0057303	0.0217279	0.0502148	0.1061315	0.1373147	0.1650236	0.1813699	0.4740152
"2025-04-24 13:45:00"	0.0025805	0.0089467	0.0199196	0.0508385	0.1050709	0.137075	0.1691088	0.1799189	0.4712411
"2025-04-24 14:00:00"	0.0030085	0.0060389	0.0197813	0.0484479	0.1081428	0.1394734	0.1698615	0.1792949	0.4723178
"2025-04-24 14:15:00"	0.0039596	0.0092717	0.0182629	0.050051	0.1019849	0.1368759	0.1647776	0.1791496	0.4698449
"2025-04-24 14:30:00"	0.0017626	0.007212	0.0171415	0.0506395	0.1049886	0.1375245	0.1614244	0.1783024	0.473937
"2025-04-24 14:45:00"	0.0025764	0.0072146	0.0185472	0.0505528	0.1051881	0.1365106	0.1631622	0.1796955	0.4712464
"2025-04-24 15:00:00"	0.0031933	0.0045351	0.0194151	0.0500896	0.104234	0.1369411	0.1640621	0.1796168	0.4787404
"2025-04-24 15:15:00"	0.0022997	0.0065494	0.0204793	0.0502661	0.1049903	0.1379213	0.1694178	0.1772554	0.4732639
"2025-04-24 15:30:00"	0.0044753	0.0062507	0.0207793	0.0523253	0.1073072	0.137762	0.1665235	0.1777423	0.4736106
"2025-04-24 15:45:00"	0.0030093	0.0073282	0.0202371	0.0506732	0.104185	0.1369439	0.1627468	0.1779879	0.4737807
"2025-04-24 16:00:00"	0.0023889	0.0054322	0.0196485	0.0482733	0.1049244	0.1378511	0.161909	0.1788993	0.4731772
"2025-04-24 16:15:00"	0.0019019	0.0049028	0.0191164	0.050264	0.1068425	0.1370672	0.1645569	0.1781646	0.47427
"2025-04-24 16:30:00"	0.0011979	0.0060572	0.0197887	0.0501583	0.1063449	0.1372373	0.1679836	0.1830493	0.4754152
"2025-04-24 16:45:00"	0.0011579	0.0054884	0.0197616	0.0503702	0.1059005	0.1382302	0.1632961	0.1802549	0.4726534
"2025-04-24 17:00:00"	0.0035684	0.0040116	0.0202297	0.0502584	0.1073873	0.1381485	0.1604755	0.1806401	0.473042
"2025-04-24 17:15:00"	0.0014093	0.0062251	0.020383	0.0496805	0.1044152	0.1381902	0.1639874	0.1759678	0.4726107
"2025-04-24 17:30:00"	0.0003007	0.0067556	0.0185824	0.0497487	0.1047713	0.1387349	0.1692142	0.1793685	0.4764661
"2025-04-24 17:45:00"	0.000995	0.0058866	0.016503	0.0505611	0.1044633	0.1382924	0.1645746	0.1809071	0.476523
"2025-04-24 18:00:00"	0.0023019	0.0049204	0.0196603	0.0502755	0.1045149	0.1369422	0.1695253	0.1814428	0.4681068
"2025-04-24 18:15:00"	0.0020743	0.0064578	0.0193941	0.0502636	0.1076393	0.1385008	0.1573556	0.1799453	0.4734898
"2025-04-24 18:30:00"	0.002231	0.0076429	0.0189243	0.0510547	0.105735	0.1367806	0.1594554	0.1753893	0.4745903
"2025-04-24 18:45:00"	0.0034214	0.0063805	0.0176404	0.0509781	0.1046676	0.1374476	0.1635884	0.1759567	0.4738494
"2025-04-24 19:00:00"	0.0025833	0.0043795	0.0200538	0.051658	0.1071883	0.1394173	0.1615704	0.1782121	0.4721434
"2025-04-24 19:15:00"	0.0011416	0.0057934	0.0205398	0.0497809	0.1072264	0.138691	0.1629347	0.1798284	0.4742934
"2025-04-24 19:30:00"	0.0023963	0.0031877	0.0196564	0.0487277	0.1059172	0.1378071	0.1635805	0.1793283	0.4718366
"2025-04-24 19:45:00"	0.0020967	0.0040289	0.0188449	0.0492791	0.1035299	0.1377335	0.1642081	0.1787957	0.4747262
"2025-04-24 20:00:00"	0.0012485	0.0038487	0.0191195	0.0470707	0.1036561	0.1362931	0.1621155	0.1810872	0.4736225
"2025-04-24 20:15:00"	0.0011437	0.0032054	0.0195884	0.0489838	0.1041409	0.1368565	0.1621658	0.1799373	0.4731037
"2025-04-24 20:30:00"	0.0007302	0.0050656	0.0206957	0.0503492	0.1080404	0.1392123	0.1653862	0.1811618	0.4763724
"2025-04-24 21:00:00"	0.0019535	0.0051518	0.0205022	0.0494346	0.1059624	0.1388165	0.1620107	0.18098	0.4691767
"2025-04-24 21:30:00"	0.0026789	0.0072846	0.015735	0.0505291	0.1082133	0.1369458	0.1669703	0.1784578	0.4694726
"2025-04-24 21:45:00"	0.0019019	0.0053722	0.0206474	0.0489675	0.1034749	0.1381084	0.1644943	0.1780738	0.4729822
"2025-04-24 22:15:00"	0.0004496	0.0044812	0.0193797	0.0517885	0.1084898	0.1371664	0.1677163	0.1785884	0.4743533
"2025-04-24 22:30:00"	0.0026111	0.0042564	0.0161334	0.0511969	0.1065186	0.1381097	0.1594646	0.1797976	0.4751771
"2025-04-24 22:45:00"	0.0005788	0.0042732	0.0192614	0.0503453	0.1031984	0.138411	0.1650717	0.1802977	0.4727793
"2025-04-24 23:00:00"	0.0024663	0.0044163	0.0189358	0.0503857	0.1046284	0.1365826	0.1613517	0.1805145	0.4739756
"2025-04-24 23:15:00"	0.0011759	0.0063715	0.0189102	0.0504257	0.1063096	0.1371681	0.1605527	0.1777878	0.4736724
"2025-04-24 23:30:00"	0.0007213	0.0055262	0.0167869	0.0515898	0.1047364	0.1400217	0.1611857	0.1789481	0.4745086
"2025-04-24 23:45:00"	0.0003626	0.0041671	0.0165802	0.0496042	0.1046348	0.1370548	0.1667017	0.1782396	0.4714528
"2025-04-25 00:15:00"	0.0017112	0.0036526	0.0183776	0.0502853	0.1057404	0.1383922	0.1639789	0.1838135	0.4748563
"2025-04-25 00:30:00"	0.0006874	0.0043997	0.017026	0.0499425	0.1043511	0.1393202	0.1664927	0.1790612	0.4723417
"2025-04-25 00:45:00"	0.0014581	0.0034502	0.0177521	0.0500963	0.1035042	0.1375394	0.1613125	0.1758633	0.4765472
"2025-04-25 01:00:00"	6.94e-05	0.0055331	0.018745	0.049037	0.1066319	0.1367783	0.1663609	0.1796023	0.4704555
"2025-04-25 01:15:00"	0.0012331	0.0029574	0.0180009	0.0502152	0.1055453	0.1413969	0.1630237	0.1801826	0.4701636
"2025-04-25 01:30:00"	0.0005135	0.0043391	0.0166717	0.0501757	0.1092522	0.1391477	0.1609451	0.1778507	0.4731804
"2025-04-25 02:00:00"	0.0013483	0.0026034	0.0178369	0.0507666	0.1053952	0.1394694	0.1670947	0.1788093	0.4713511
"2025-04-25 02:15:00"	0.0007975	0.0029758	0.0182209	0.0501909	0.1064215	0.1388408	0.1620123	0.1791708	0.4755103
"2025-04-25 02:30:00"	0.0004489	0.0040848	0.016222	0.0501626	0.106633	0.1375986	0.1691022	0.1774269	0.4743605
"2025-04-25 02:45:00"	0.0006377	0.0051214	0.0173651	0.0493899	0.1070028	0.1377517	0.1591737	0.1783842	0.4734617
"2025-04-25 03:00:00"	0.0009144	0.0047071	0.0186444	0.0493967	0.1092424	0.1367037	0.1642976	0.180677	0.4710202
"2025-04-25 03:30:00"	0.0017204	0.0044239	0.0181002	0.0521901	0.10542	0.136205	0.1537223	0.1781447	0.4719884
"2025-04-25 03:45:00"	0.0006347	0.0032957	0.0192484	0.050177	0.1055145	0.1398896	0.1620147	0.1786704	0.4723764
"2025-04-25 04:00:00"	0.0019061	0.0041638	0.0174132	0.049706	0.105984	0.1398306	0.162486	0.1763239	0.4754153
"2025-04-25 04:30:00"	0.0020868	0.0052487	0.0198123	0.04961	0.1057653	0.1385671	0.1688796	0.178832	0.4727462
"2025-04-25 04:45:00"	0.0013147	0.0034779	0.0185883	0.0510425	0.1074126	0.1367131	0.1585157	0.179622	0.4751633
"2025-04-25 05:15:00"	0.0007073	0.0047564	0.018517	0.0517898	0.1096435	0.1380823	0.1631006	0.1796436	0.4752607
"2025-04-25 05:30:00"	0.0009817	0.0045367	0.0197465	0.0468677	0.1080995	0.1367857	0.1645703	0.1768847	0.47633
"2025-04-25 05:45:00"	0.0012567	0.0022843	0.0160671	0.0502647	0.1057466	0.140742	0.1676692	0.1785679	0.4729041
"2025-04-25 06:00:00"	0.0010869	0.0009868999	0.0193647	0.0515255	0.1073114	0.1364124	0.1678874	0.1755752	0.4742869
"2025-04-25 06:15:00"	0.0010707	0.0036483	0.0186479	0.050034	0.1051126	0.1381888	0.1630583	0.1757444	0.4704162
"2025-04-25 06:45:00"	0.0017558	0.0036303	0.0170862	0.0517162	0.106157	0.1376861	0.1661929	0.1811695	0.471392
"2025-04-25 07:15:00"	0.0030106	0.003847	0.0195261	0.0483357	0.1085784	0.1369991	0.1553021	0.1796967	0.4735916
"2025-04-25 07:30:00"	0.0010595	0.0030653	0.0179684	0.0509323	0.1068769	0.1386305	0.1602922	0.1774867	0.4723815
"2025-04-25 08:00:00"	0.0043472	0.0040335	0.0170747	0.0492522	0.1051122	0.1389906	0.1715409	0.1779983	0.4742849
"2025-04-25 08:30:00"	0.0024119	0.003686	0.0199346	0.0495867	0.1072311	0.1348821	0.1636098	0.1782929	0.4762266
"2025-04-25 08:45:00"	0.0002477	0.0050105	0.019444	0.0506345	0.1041285	0.1373698	0.1575677	0.1766031	0.4697719
"2025-04-25 09:00:00"	0.0026811	0.0031833	0.0164042	0.0507298	0.1066156	0.1373606	0.1603901	0.1829312	0.4718024
"2025-04-25 09:15:00"	0.0021626	0.0056231	0.0174582	0.0490781	0.1078908	0.1352122	0.1649842	0.1784476	0.4730409
"2025-04-25 09:30:00"	0.0013839	0.0039961	0.0176199	0.0507887	0.1073505	0.1363558	0.1575666	0.1760534	0.4747815
"2025-04-25 09:45:00"	0.0024901	0.0038704	0.0189967	0.0500327	0.1064822	0.1357565	0.1620605	0.1767345	0.4726762
"2025-04-25 10:00:00"	0.0017232	0.0054599	0.0176375	0.0498086	0.1056094	0.1401301	0.1602999	0.1783473	0.4726976
"2025-04-25 10:15:00"	0.0011782	0.0039161	0.0179202	0.0504851	0.1061597	0.1378041	0.1654617	0.1795019	0.4726298
"2025-04-25 10:30:00"	0.0021739	0.0047829	0.0151973	0.0505721	0.1054991	0.1389834	0.1616728	0.1776409	0.4739628
"2025-04-25 10:45:00"	0.001926	0.0042548	0.0182889	0.049952	0.1060532	0.1391766	0.1610682	0.1768722	0.4771473
"2025-04-25 11:00:00"	0.0023344	0.0047791	0.0184154	0.0499553	0.1057464	0.1376363	0.1610756	0.1773175	0.4739601
"2025-04-25 11:15:00"	0.0017139	0.0040606	0.0169036	0.0496689	0.1055157	0.1399414	0.169136	0.174413	0.472319
"2025-04-25 11:30:00"	0.0029477	0.0051458	0.0170001	0.0514279	0.1071338	0.1377781	0.1613988	0.1751523	0.4764166
"2025-04-25 11:45:00"	0.0042597	0.0054195	0.0177351	0.0473528	0.1054541	0.1380795	0.1623077	0.1762261	0.4704881
"2025-04-25 12:00:00"	0.0027475	0.0051208	0.0173072	0.0501977	0.1070212	0.1369482	0.1667384	0.1736985	0.4741415
"2025-04-25 12:15:00"	0.0019944	0.0029399	0.0193045	0.0489861	0.1052561	0.137763	0.1557463	0.1802702	0.4757792
"2025-04-25 12:30:00"	0.0030499	0.0056814	0.0173683	0.0488047	0.1074269	0.1385465	0.1631995	0.1779869	0.4710949
"2025-04-25 12:45:00"	0.0037693	0.004834	0.017789	0.0493775	0.1057096	0.1362168	0.1646003	0.177835	0.4690505
"2025-04-25 13:00:00"	0.0025703	0.0047036	0.0178537	0.0470406	0.1074923	0.1363233	0.160055	0.1762734	0.4736338
"2025-04-25 13:15:00"	0.0005524	0.0043775	0.0193889	0.0490979	0.105407	0.137651	0.1684092	0.1750641	0.4740207
"2025-04-25 13:30:00"	0.0008955	0.0040187	0.0180241	0.0493404	0.1046483	0.1376746	0.1603849	0.1747278	0.4734632
"2025-04-25 13:45:00"	0.0018111	0.003793	0.0199475	0.0498233	0.1055387	0.1388455	0.1588654	0.1753648	0.472051
"2025-04-25 14:00:00"	0.0028426	0.0024325	0.0169814	0.047969	0.1060985	0.1384538	0.1627216	0.1783834	0.4720291
"2025-04-25 14:15:00"	0.002617	0.0045299	0.02218	0.0477633	0.1059789	0.1398133	0.1639467	0.1736409	0.4717003
"2025-04-25 14:30:00"	0.0021108	0.0049685	0.0169625	0.0500298	0.1066804	0.1384813	0.1593683	0.1762234	0.4729098
"2025-04-25 14:45:00"	0.002895	0.0046103	0.0162254	0.0471403	0.1053142	0.1370794	0.1659943	0.1751083	0.4712351
"2025-04-25 15:00:00"	0.0010579	0.0041119	0.0189488	0.0475775	0.106605	0.139888	0.1585502	0.1784178	0.4718454
"2025-04-25 15:30:00"	0.0015438	0.0051264	0.0182079	0.0493983	0.1073675	0.1376064	0.1607905	0.1764164	0.4706801
"2025-04-25 15:45:00"	0.0039857	0.003509	0.0171626	0.0482909	0.1065072	0.1359821	0.1526345	0.1760305	0.4700456
"2025-04-25 16:00:00"	0.0017459	0.0046752	0.0170061	0.0495187	0.1038793	0.140245	0.1645827	0.1792957	0.4731857
"2025-04-25 16:15:00"	0.0030794	0.0041702	0.0174695	0.0480648	0.1038917	0.1349007	0.1610212	0.174152	0.4746583
"2025-04-25 16:30:00"	0.0027346	0.001982	0.0177919	0.0491609	0.1084168	0.1370979	0.157937	0.1780874	0.4756434
"2025-04-25 16:45:00"	0.0005283	0.004462	0.0190773	0.0486761	0.1068547	0.1396168	0.1613307	0.1771472	0.4730263
"2025-04-25 17:00:00"	0.0020439	0.0025503	0.0170057	0.0508678	0.1052425	0.1399713	0.1640559	0.1752273	0.4731043
"2025-04-25 17:15:00"	0.0021778	0.0060413	0.016837	0.0495932	0.1072067	0.1361744	0.1665122	0.1754284	0.4688097
"2025-04-25 17:30:00"	0.0024874	0.0039511	0.0175887	0.0481351	0.1072632	0.1370432	0.1635882	0.1771193	0.4709077
"2025-04-25 17:45:00"	0.0029133	0.0051761	0.0179848	0.0499967	0.1064091	0.136586	0.1645235	0.1759686	0.4702918
"2025-04-25 18:00:00"	0.002035	0.0041608	0.0174757	0.0494102	0.1048166	0.1393104	0.1567372	0.1764824	0.4704784
"2025-04-25 18:15:00"	0.0006153	0.0028567	0.0153012	0.0478902	0.1057126	0.1386458	0.1664112	0.1782891	0.4732666
"2025-04-25 18:30:00"	0.0030374	0.0037953	0.016302	0.0482836	0.1069892	0.1373991	0.1629009	0.1782537	0.4743128
"2025-04-25 18:45:00"	0.0016357	0.0039815	0.0173358	0.0507307	0.1066476	0.135466	0.1633131	0.178025	0.4701836
"2025-04-25 19:00:00"	0.0012741	0.0021388	0.0161059	0.0496949	0.1061484	0.1361541	0.1674965	0.1780993	0.4728515
"2025-04-25 19:15:00"	0.0018102	0.0026049	0.0182215	0.0487724	0.1061291	0.1373303	0.1634423	0.1764167	0.4734156
"2025-04-25 19:30:00"	0.000952	0.0033986	0.0171007	0.0504815	0.1024597	0.1373621	0.1662715	0.1767993	0.4736223
"2025-04-25 19:45:00"	0.0008185	0.0017488	0.0180773	0.0498596	0.1059361	0.1387628	0.1674885	0.1756236	0.4718007
"2025-04-25 20:00:00"	0.0022414	0.0032226	0.0163206	0.0493936	0.1038954	0.1375867	0.1628732	0.1767864	0.4712766
"2025-04-25 20:15:00"	0.0008669	0.0022588	0.0183249	0.0494856	0.1078148	0.1385231	0.1572088	0.1766361	0.4749717
"2025-04-25 20:30:00"	0.0010293	0.0007302	0.0183602	0.0475337	0.1047656	0.1383794	0.1580927	0.1740765	0.4717617
"2025-04-25 20:45:00"	0.0027892	0.0035546	0.0162666	0.0505561	0.1059161	0.1368719	0.168062	0.1768011	0.4717546
"2025-04-25 21:00:00"	0.0016789	0.0034808	0.0170035	0.0503983	0.1057801	0.1386117	0.1660663	0.1781316	0.4705936
"2025-04-25 21:15:00"	0.0005434	0.0035764	0.0191157	0.0491584	0.1051686	0.1378544	0.1594051	0.1750188	0.4706329
"2025-04-25 21:30:00"	0.0027922	0.0036609	0.0172051	0.0490365	0.1072452	0.1380952	0.1659968	0.1741233	0.4750822
"2025-04-25 21:45:00"	0.0007846	0.00318	0.0191375	0.0496071	0.1060802	0.138967	0.1618536	0.1784386	0.4726871
"2025-04-25 22:00:00"	0.0002846	0.0038426	0.0190127	0.049347	0.1053268	0.1367532	0.1608587	0.1758125	0.4719236
"2025-04-25 22:30:00"	0.0008537	0.0044195	0.0166451	0.0473479	0.1064972	0.1392978	0.1623507	0.1759622	0.4713944
"2025-04-25 22:45:00"	0.0016636	0.0008893	0.0172827	0.0496222	0.1088044	0.1365372	0.1626562	0.1752915	0.4717831
"2025-04-25 23:15:00"	0.0001585	0.0013457	0.0163606	0.0494194	0.1053054	0.1360391	0.1664754	0.1779624	0.4724238
"2025-04-25 23:30:00"	0.0022697	0.0045605	0.0152479	0.050812	0.1075428	0.1376114	0.1675459	0.1778588	0.4717986
"2025-04-26 00:00:00"	0.0001539	0.0040231	0.0157593	0.049311	0.1072664	0.1383364	0.1671603	0.1776862	0.4690214
"2025-04-26 00:15:00"	0.0029384	0.0027904	0.0185542	0.0482654	0.1046708	0.138775	0.1616532	0.1753559	0.4717626
"2025-04-26 00:30:00"	0.0021297	0.0029131	0.018892	0.0486949	0.105764	0.1379735	0.1609657	0.1767157	0.4711087
"2025-04-26 01:00:00"	0.0017665	0.0029121	0.0166913	0.0502033	0.1050158	0.1362586	0.1681538	0.1769959	0.4711462
"2025-04-26 01:30:00"	0.0015946	0.0025109	0.0173672	0.0484154	0.1055356	0.1385652	0.1569211	0.1726372	0.4735901
"2025-04-26 01:45:00"	0.0003422	0.0032801	0.0207941	0.0477765	0.1078665	0.1357739	0.1650372	0.1748877	0.4750111
"2025-04-26 02:00:00"	0.0021086	0.0018146	0.0167084	0.0481514	0.1055175	0.1389038	0.159019	0.1768549	0.4781813
"2025-04-26 02:30:00"	0.0007218	0.0030724	0.018245	0.0484773	0.1085693	0.1349841	0.1651597	0.1756532	0.4721617
"2025-04-26 02:45:00"	0.0006262	0.0018702	0.0162763	0.0479409	0.1049679	0.1384429	0.1619188	0.1750199	0.4700373
"2025-04-26 03:15:00"	0.0005263	0.0023464	0.0180182	0.0491244	0.105438	0.1383808	0.1702079	0.1772658	0.4706918
"2025-04-26 03:30:00"	0.0009692	0.0024062	0.014917	0.0479659	0.1060323	0.1391528	0.164211	0.1743964	0.470762
"2025-04-26 03:45:00"	0.0015188	0.0028056	0.0177796	0.049051	0.1067282	0.1372672	0.163927	0.1736479	0.4752869
"2025-04-26 04:15:00"	0.0021229	0.0041566	0.0158222	0.0464741	0.1056224	0.1385813	0.1696087	0.1754212	0.4716435
"2025-04-26 04:45:00"	0.0014105	0.0028652	0.0183388	0.0482695	0.1053996	0.1386748	0.1620055	0.1754955	0.4746655
"2025-04-26 05:15:00"	0.0021533	0.0032452	0.0189865	0.0484808	0.1068718	0.13975	0.1670777	0.1754779	0.4749235
"2025-04-26 05:30:00"	0.0015921	0.0031233	0.0171675	0.0478469	0.1063864	0.1378468	0.1685414	0.1749492	0.4734614
"2025-04-26 06:00:00"	0.0004511	0.0027541	0.0172742	0.0478527	0.1068642	0.1378024	0.167071	0.1761102	0.4721479
"2025-04-26 06:15:00"	0.0003507	0.0024028	0.0166906	0.0488655	0.1055532	0.1386374	0.1564621	0.1755733	0.4701296
"2025-04-26 06:30:00"	0.0021846	0.000408	0.0182828	0.0494053	0.1057298	0.1393727	0.1628177	0.1717498	0.4770412
"2025-04-26 07:00:00"	0.000808	0.0007156	0.0169072	0.0498881	0.107034	0.1371478	0.1653736	0.1764697	0.4745749
"2025-04-26 07:30:00"	0.000802	0.0014459	0.0153116	0.0487095	0.1054362	0.1368257	0.161059	0.1752083	0.4707463
"2025-04-26 07:45:00"	0.0005963	0.0013638	0.0174245	0.050203	0.1067934	0.139287	0.1664354	0.1755812	0.471838
"2025-04-26 08:15:00"	5.55e-05	0.0038595	0.0158974	0.0493175	0.1083683	0.1372482	0.1674641	0.1770749	0.4718732
"2025-04-26 08:30:00"	0.0014786	0.0031027	0.017302	0.0494922	0.1055359	0.1388183	0.1621228	0.1741567	0.4728121
"2025-04-26 08:45:00"	0.0011084	0.0004795	0.0184878	0.0478089	0.1053274	0.1377906	0.162478	0.177306	0.4700766
"2025-04-26 09:00:00"	0.000452	0.001271	0.0184071	0.0515309	0.1053023	0.1364658	0.1671802	0.1776849	0.472527
"2025-04-26 09:15:00"	0.0014707	0.0006434	0.0196993	0.0497831	0.1047669	0.1359118	0.1650548	0.1761061	0.4748397
"2025-04-26 09:30:00"	0.0019293	0.0020581	0.0154112	0.0496946	0.1065292	0.1384166	0.1624164	0.1782456	0.4744999
"2025-04-26 09:45:00"	0.0010237	0.0019965	0.0176004	0.0479882	0.1094647	0.1376509	0.1628071	0.1756768	0.4760368
"2025-04-26 10:00:00"	0.0009313	0.0032266	0.0170994	0.0488085	0.1072543	0.1383151	0.1680181	0.1733718	0.472251
"2025-04-26 10:15:00"	0.0036294	0.0019818	0.0156949	0.0485048	0.1058259	0.1384203	0.1613478	0.1771696	0.4752433
"2025-04-26 10:30:00"	0.0023602	0.00177	0.0169427	0.0485883	0.1083464	0.1377352	0.1638578	0.1754133	0.4705741
"2025-04-26 10:45:00"	0.0023863	0.0021261	0.0160489	0.0471666	0.1052924	0.1379389	0.1582333	0.1754264	0.4697435
"2025-04-26 11:00:00"	0.0022995	0.0026758	0.0160878	0.0478497	0.1067737	0.1375099	0.1575438	0.1763372	0.4744045
"2025-04-26 11:15:00"	0.0030491	0.0023631	0.018791	0.0497435	0.1040435	0.1360173	0.1649855	0.1764735	0.470965
"2025-04-26 11:30:00"	0.0016169	0.0032042	0.0178863	0.0488294	0.1065013	0.1377608	0.1619806	0.1765089	0.4727457
"2025-04-26 11:45:00"	0.0002372	0.0016937	0.0159269	0.0477498	0.1063514	0.1355413	0.1650212	0.1732701	0.4748797
"2025-04-26 12:00:00"	0.0031978	0.002468	0.0192304	0.0479704	0.107135	0.1387137	0.1585285	0.174773	0.4753596
"2025-04-26 12:15:00"	0.0002772	0.0031645	0.0154052	0.0489816	0.1059877	0.1362883	0.1623551	0.1724925	0.4725025
"2025-04-26 12:30:00"	0.0040758	0.0021702	0.0172104	0.046198	0.1059835	0.1375159	0.1622168	0.1758791	0.4736862
"2025-04-26 12:45:00"	0.0017693	0.0012574	0.0177573	0.0470458	0.1081062	0.1386532	0.1607862	0.1746665	0.4721587
"2025-04-26 13:00:00"	0.0029618	0.0018027	0.0147724	0.0486785	0.1058647	0.138039	0.1636823	0.1725693	0.4722558
"2025-04-26 13:15:00"	0.0005126	0.0020824	0.017518	0.0479548	0.1060543	0.1354065	0.1616038	0.1763714	0.4744701
"2025-04-26 13:30:00"	0.0023202	0.0049001	0.017719	0.0472034	0.107102	0.1375761	0.1601198	0.1710196	0.4725543
"2025-04-26 13:45:00"	0.0021234	0.0023167	0.0147717	0.0464118	0.105203	0.1363639	0.1625039	0.1749749	0.471574
"2025-04-26 14:00:00"	0.0012905	0.004294	0.0171267	0.0468785	0.107306	0.1393067	0.1577516	0.1729239	0.4724883
"2025-04-26 14:15:00"	0.0017428	0.0009306	0.01538	0.0443156	0.1083814	0.138124	0.1602423	0.1772377	0.4763907
"2025-04-26 14:30:00"	0.004815	0.0029636	0.0143781	0.0460925	0.1031823	0.1364129	0.1670171	0.1752231	0.4701323
"2025-04-26 14:45:00"	0.0012605	0.0025654	0.0161022	0.0497665	0.109626	0.1381343	0.1615282	0.1746382	0.4765356
"2025-04-26 15:00:00"	0.0018727	0.002227	0.0159947	0.0473264	0.1048131	0.137039	0.1630158	0.1722138	0.4709074
"2025-04-26 15:15:00"	0.0017528	0.0033228	0.0153774	0.0481947	0.1050698	0.1370354	0.1632031	0.1716437	0.4741431
"2025-04-26 15:30:00"	0.0015304	0.0021135	0.0134988	0.0486223	0.1063427	0.139184	0.1674449	0.1750821	0.4735323
"2025-04-26 15:45:00"	0.000624	0.0018208	0.0173659	0.0475458	0.1048238	0.139774	0.1592408	0.1688986	0.4688768
"2025-04-26 16:00:00"	0.0007128	0.0015511	0.0171432	0.0482384	0.1066707	0.1351183	0.1612572	0.1738951	0.4754729
"2025-04-26 16:15:00"	0.0019236	0.0013606	0.0159089	0.0486586	0.1059096	0.1367259	0.164118	0.1723982	0.4704697
"2025-04-26 16:30:00"	0.0024862	0.0008961	0.0169918	0.0457816	0.1075433	0.1363573	0.1634976	0.171262	0.4749208
"2025-04-26 16:45:00"	0.0008483	0.0028419	0.0157343	0.0465721	0.106792	0.1361445	0.1625957	0.1740088	0.4712955
"2025-04-26 17:00:00"	0.0016873	0.0015834	0.0161099	0.045964	0.1057966	0.1362865	0.1662074	0.1713728	0.4740087
"2025-04-26 17:15:00"	0.0022779	0.0027519	0.0152402	0.0482094	0.1066985	0.1369353	0.1608476	0.1776974	0.4745498
"2025-04-26 17:30:00"	0.0014731	0.0032463	0.0170456	0.0462149	0.1065206	0.1384171	0.1669475	0.1712908	0.4727681
"2025-04-26 17:45:00"	0.0012449	0.0002336	0.0159175	0.0457434	0.1055107	0.1380014	0.1626715	0.1766032	0.4721905
"2025-04-26 18:00:00"	0.000988	0.0016081	0.016178	0.0459187	0.1075911	0.1362769	0.1605846	0.1748958	0.471441
"2025-04-26 18:30:00"	0.0021445	0.0011154	0.0179495	0.0451287	0.107615	0.1358647	0.1686307	0.1752081	0.4773983
"2025-04-26 18:45:00"	0.0003298	0.0021724	0.0139487	0.0481586	0.1051192	0.137323	0.1644112	0.1742501	0.4738979
"2025-04-26 20:00:00"	0.0022375	0.0003721	0.0151532	0.0449303	0.1060326	0.1390388	0.1599164	0.1743198	0.4732019
"2025-04-26 20:15:00"	5.25e-05	0.0010747	0.0173344	0.0484885	0.1051126	0.1361558	0.1668218	0.1745109	0.4750688
"2025-04-26 20:45:00"	0.0004276	0.0005142	0.0168303	0.0450199	0.1046272	0.138844	0.1631575	0.1759858	0.4739854
"2025-04-26 21:00:00"	0.0001058	0.0011035	0.0156749	0.0478175	0.1092358	0.1373872	0.164194	0.1751691	0.4729865
"2025-04-26 21:45:00"	0.0020906	0.0009234	0.0167853	0.0451408	0.1055145	0.1371717	0.1626141	0.1761016	0.471909
"2025-04-26 22:45:00"	0.0003053	0.0001497	0.0152022	0.0480438	0.1055747	0.1376142	0.1648861	0.176235	0.4711554
"2025-04-26 23:00:00"	0.0005057	0.0015814	0.0158329	0.0456445	0.1093666	0.1335189	0.1594206	0.1780215	0.4686573
"2025-04-26 23:15:00"	0.0027589	3.91e-05	0.0174574	0.0460502	0.1058122	0.1377426	0.1578522	0.1734311	0.4687192
"2025-04-26 23:30:00"	0.0022763	0.0002568	0.0169173	0.0465049	0.1058477	0.1383685	0.1626449	0.1721838	0.472501
"2025-04-27 00:45:00"	0.0015168	0.0009328	0.0177081	0.0476284	0.1081176	0.1358574	0.160706	0.1745548	0.4746717
"2025-04-27 02:15:00"	0.000522	0.0013407	0.0170759	0.0471673	0.105005	0.1396531	0.1622229	0.1751023	0.4726748
"2025-04-27 04:30:00"	0.0014803	0.0009154	0.0157076	0.0466385	0.1043216	0.1363427	0.1626586	0.1696452	0.4735596
"2025-04-27 09:00:00"	0.0009968	0.0010012	0.0158963	0.0464834	0.1053452	0.1402211	0.1636916	0.1739701	0.4681036
"2025-04-27 09:30:00"	0.0024277	9.44e-05	0.0175591	0.0434568	0.1065617	0.1371004	0.1560073	0.1749526	0.4752781
"2025-04-27 10:30:00"	0.0009406	0.0017916	0.0148825	0.0449834	0.105864	0.1365866	0.1584298	0.1755127	0.4731608
"2025-04-27 10:45:00"	0.0024246	0.0010097	0.0156239	0.0473254	0.1047681	0.1362287	0.1593264	0.1739848	0.4694261
"2025-04-27 14:00:00"	0.0015012	0.0006116	0.0149098	0.0443471	0.1036315	0.1353983	0.1663671	0.171106	0.4716828
"2025-04-27 14:15:00"	0.0013014	0.0010936	0.015286	0.0448612	0.1049761	0.1374181	0.1618775	0.1736344	0.4740587
"2025-04-27 14:45:00"	0.0017266	0.0012467	0.0127966	0.0476771	0.102759	0.1374583	0.1655726	0.1750413	0.4719739
"2025-04-27 15:45:00"	0.0005779	0.0022242	0.0139407	0.0445424	0.1033131	0.1330441	0.1618102	0.1726676	0.4727389
"2025-04-27 16:00:00"	0.0011857	0.0025708	0.016722	0.0447382	0.1015299	0.1363648	0.1615937	0.174908	0.4708014
"2025-04-27 16:30:00"	0.0007693	0.0009992	0.0149361	0.0444324	0.1017778	0.1347389	0.1604385	0.1743496	0.4718089
"2025-04-27 17:00:00"	0.0004828	0.001031	0.01446	0.0453006	0.1037774	0.1340535	0.1602797	0.1759177	0.4737891
"2025-04-27 17:45:00"	0.0006701	0.001046	0.0149604	0.0456234	0.1036187	0.1361972	0.1708281	0.1724387	0.4726128
"2025-04-27 18:00:00"	0.0008471	0.0011518	0.0143552	0.0442765	0.1012532	0.1357851	0.1611306	0.1743746	0.4750093
"2025-04-27 18:15:00"	0.0002912	0.0007812	0.0146752	0.0436253	0.1002245	0.1349712	0.1601983	0.1764542	0.4723555
"2025-04-27 19:00:00"	0.0001214	0.0014367	0.0171001	0.045711	0.1023677	0.1341345	0.1583851	0.176136	0.4723588
"2025-04-27 19:15:00"	0.0009071	0.0010801	0.0144801	0.0447989	0.1029359	0.1333371	0.1636573	0.1747367	0.4744932
"2025-04-27 22:15:00"	0.0006623	0.001248	0.015673	0.0471526	0.1024538	0.1380696	0.1617844	0.1738359	0.4676528
"2025-04-28 00:15:00"	9.29e-05	0.0002044	0.0138272	0.0462465	0.1025271	0.1358263	0.1594298	0.1742555	0.4723148
"2025-04-28 03:30:00"	0.0001758	1.57e-05	0.0167366	0.0451545	0.1015258	0.1347085	0.161543	0.1750189	0.4760637
"2025-04-28 15:30:00"	0.0002792	1.49e-05	0.0143106	0.0442101	0.1017067	0.1335006	0.1582298	0.1693958	0.471699
"2025-05-03 19:15:00"	0.0259396	0.0009532	0.0105178	0.0429112	0.0891996	0.1247951	0.1582513	0.1711129	0.4671158
"2025-05-03 19:30:00"	0.026718	0.0016204	0.011794	0.046087	0.0935553	0.1261415	0.1562762	0.1737076	0.4677707
"2025-05-03 19:45:00"	0.026301	0.0051164	0.0119011	0.046315	0.0927448	0.1286949	0.1473552	0.1718257	0.4645718
"2025-05-03 20:00:00"	0.0251686	0.0041159	0.0108439	0.0466257	0.0906667	0.1285166	0.1553409	0.169385	0.4658801
"2025-05-03 20:15:00"	0.0251686	0.0056671	0.0108848	0.044401	0.0909566	0.1304283	0.1586388	0.1735891	0.4681869
"2025-05-03 20:30:00"	0.0251624	0.0103774	0.0148731	0.0460201	0.0928553	0.129368	0.1592617	0.1731036	0.4657785
"2025-05-03 20:45:00"	0.0251049	0.013894	0.0194926	0.0476863	0.0947709	0.133054	0.161036	0.1731	0.467811
"2025-05-03 21:00:00"	0.0242776	0.014492	0.0211574	0.0476975	0.0964324	0.1341365	0.1631864	0.1736739	0.4663912
"2025-05-03 21:15:00"	0.0238241	0.0138119	0.0194998	0.0479508	0.0945917	0.1361492	0.1575779	0.1712785	0.4638161
"2025-05-03 21:30:00"	0.02143	0.0124508	0.0201413	0.0472572	0.0976107	0.1341342	0.1647104	0.1718057	0.4679739
"2025-05-03 21:45:00"	0.0222051	0.0128515	0.0197606	0.0456526	0.0970099	0.134645	0.157682	0.1706794	0.4690565
"2025-05-03 22:00:00"	0.021516	0.0127697	0.0204848	0.044716	0.0935857	0.1377636	0.1599152	0.1705533	0.4688051
"2025-05-03 22:15:00"	0.0203771	0.0111585	0.0200523	0.0399999	0.0988529	0.1353605	0.1603522	0.1703566	0.4691041
"2025-05-03 22:30:00"	0.0203032	0.0119659	0.0200611	0.0412477	0.0982512	0.1348699	0.1654072	0.172924	0.4639922
"2025-05-03 22:45:00"	0.0194493	0.0090864	0.0191087	0.0419508	0.0946849	0.1355439	0.1658802	0.1747003	0.4651856
"2025-05-03 23:00:00"	0.0196278	0.0115308	0.0170236	0.0394052	0.0940469	0.134045	0.1645625	0.1755447	0.4693213
"2025-05-03 23:15:00"	0.018629	0.0098672	0.0203647	0.0390283	0.0954201	0.133949	0.1563468	0.1735406	0.4666383
"2025-05-03 23:30:00"	0.0162647	0.0084129	0.0168264	0.0397007	0.0966583	0.1324515	0.1639012	0.1690877	0.4680251
"2025-05-03 23:45:00"	0.0158414	0.0088681	0.0159192	0.0386724	0.0952332	0.1340967	0.159358	0.1721081	0.4657033
"2025-05-04 00:00:00"	0.0163151	0.0091513	0.0168058	0.0392535	0.0951583	0.1336921	0.1625837	0.1734557	0.4670749
"2025-05-04 00:15:00"	0.0164253	0.0095796	0.0166289	0.0384312	0.0957455	0.1348649	0.1639	0.1720144	0.4694108
"2025-05-04 00:30:00"	0.0147376	0.0087853	0.0176739	0.0397671	0.0941678	0.1296543	0.1620392	0.1711657	0.4670406
"2025-05-04 00:45:00"	0.0143564	0.0082131	0.0170879	0.0386783	0.0961163	0.1339362	0.1562941	0.1737664	0.4691768
"2025-05-04 01:00:00"	0.0123608	0.0093047	0.0181586	0.0416028	0.0955643	0.1329421	0.1642579	0.1732187	0.4612075
"2025-05-04 01:15:00"	0.0142693	0.0077931	0.0158983	0.0378591	0.0946919	0.1326512	0.159929	0.1703263	0.4664949
"2025-05-04 01:30:00"	0.0133137	0.0073795	0.0182805	0.0382332	0.0948235	0.13239	0.1672528	0.1745004	0.4700021
"2025-05-04 01:45:00"	0.0131084	0.0088185	0.0169947	0.0405401	0.095454	0.1322324	0.1566368	0.1734221	0.4686033
"2025-05-04 02:00:00"	0.0130785	0.0068061	0.0189511	0.0391627	0.094258	0.1323682	0.158477	0.1732423	0.4690914
"2025-05-04 02:15:00"	0.0149545	0.0072581	0.0173525	0.038469	0.0911841	0.1307611	0.1624274	0.1724953	0.4689555
"2025-05-04 02:30:00"	0.0154989	0.0080774	0.0165703	0.0405802	0.0943401	0.132948	0.1563459	0.1766525	0.4635823
"2025-05-04 02:45:00"	0.0180411	0.0068196	0.0171799	0.0399745	0.0917021	0.131036	0.1593739	0.1722545	0.4682236
"2025-05-04 03:00:00"	0.0145397	0.0053831	0.0186993	0.0387902	0.0929758	0.1330884	0.1550961	0.170938	0.4653591
"2025-05-04 03:15:00"	0.018182	0.0102029	0.0192351	0.0413464	0.0931188	0.1323935	0.1672124	0.1700624	0.4650258
"2025-05-04 03:30:00"	0.0163753	0.0116656	0.0177026	0.0399799	0.092772	0.1317557	0.1590508	0.1734454	0.4643196
"2025-05-04 03:45:00"	0.0173785	0.0099727	0.0189077	0.04196	0.0929425	0.1317216	0.167666	0.1725124	0.4653347
"2025-05-04 04:00:00"	0.0184578	0.0084993	0.0188297	0.0418093	0.0953257	0.1335411	0.1637582	0.1708833	0.4711722
"2025-05-04 04:15:00"	0.0164703	0.011237	0.0170451	0.043281	0.0938883	0.1300942	0.1663465	0.1720504	0.4673529
"2025-05-04 04:30:00"	0.0177933	0.008736	0.018053	0.0432133	0.0950779	0.1293583	0.1681577	0.1708011	0.4666616
"2025-05-04 04:45:00"	0.0158092	0.0109602	0.0165062	0.0444049	0.0963688	0.1344374	0.1641129	0.1743928	0.4682507
"2025-05-04 05:00:00"	0.0158983	0.007888	0.0175379	0.0436577	0.0980414	0.1325591	0.164038	0.1714355	0.4656069
"2025-05-04 05:15:00"	0.0158956	0.006436	0.0197482	0.0438543	0.0976	0.1327952	0.1645097	0.1732744	0.4657976
"2025-05-04 05:30:00"	0.0143323	0.0080126	0.0155641	0.0409642	0.0970674	0.1353251	0.1572754	0.1717966	0.4680837
"2025-05-04 05:45:00"	0.0141236	0.007939	0.0184754	0.0429222	0.096423	0.1317459	0.1639915	0.1706232	0.467602
"2025-05-04 06:00:00"	0.0146583	0.0094838	0.0179412	0.0417856	0.0969575	0.1318092	0.1613845	0.1709162	0.4694826
"2025-05-04 06:15:00"	0.0118893	0.0079275	0.0174496	0.041281	0.0955651	0.1300831	0.1602924	0.1705527	0.4677687
"2025-05-04 06:30:00"	0.0134065	0.0079149	0.017699	0.0424616	0.0978173	0.1309438	0.1574566	0.1713144	0.469577
"2025-05-04 06:45:00"	0.0117489	0.0067248	0.0191296	0.0394275	0.0956899	0.1318188	0.1627636	0.1703781	0.4663295
"2025-05-04 07:00:00"	0.0118525	0.0064317	0.018201	0.0422783	0.0971649	0.1324099	0.1570212	0.170463	0.4638414
"2025-05-04 07:15:00"	0.0117041	0.006294	0.0173462	0.0430256	0.0964353	0.1311438	0.1618921	0.1748439	0.46874
"2025-05-04 07:30:00"	0.0092575	0.0045936	0.0156789	0.0390479	0.0950496	0.1326886	0.1684986	0.1719459	0.469736
"2025-05-04 07:45:00"	0.0109113	0.0066505	0.016304	0.0399169	0.0923023	0.1309449	0.1622394	0.1744124	0.4680287
"2025-05-04 08:00:00"	0.0111124	0.0069435	0.0144454	0.0373355	0.0926748	0.1305152	0.1638702	0.1689272	0.4711546
"2025-05-04 08:15:00"	0.0100084	0.0058867	0.0144432	0.0421019	0.0946697	0.1343175	0.1669626	0.1732195	0.4688177
"2025-05-04 08:30:00"	0.0104667	0.0061136	0.0156104	0.0379577	0.094795	0.1324984	0.1630163	0.1727863	0.469934
"2025-05-04 08:45:00"	0.0101227	0.0061372	0.0181291	0.0377116	0.0920734	0.1335305	0.1658792	0.1718815	0.4692966
"2025-05-04 09:00:00"	0.0095169	0.0069075	0.0159643	0.0399224	0.093217	0.1340533	0.1622016	0.1720857	0.4624186
"2025-05-04 09:15:00"	0.0101251	0.0076182	0.0173711	0.0362761	0.0911434	0.1307084	0.163951	0.1725847	0.4653873
"2025-05-04 09:30:00"	0.0102739	0.0049707	0.0167197	0.0384487	0.0903906	0.132844	0.1601746	0.1732136	0.4671758
"2025-05-04 09:45:00"	0.0102309	0.0067274	0.0171411	0.0377133	0.0887751	0.1299798	0.1598991	0.1741237	0.4686034
"2025-05-04 10:00:00"	0.007557	0.0067157	0.0171318	0.0379382	0.0897944	0.1320129	0.1642502	0.1735319	0.4685913
"2025-05-04 10:15:00"	0.0085035	0.0061027	0.0167993	0.0373944	0.089368	0.128127	0.1570763	0.1717186	0.4653934
"2025-05-04 10:30:00"	0.009543	0.006843	0.0163426	0.038989	0.0874489	0.1314371	0.1651339	0.1732278	0.4680103
"2025-05-04 10:45:00"	0.008256	0.0062098	0.0158157	0.0363954	0.0897511	0.131339	0.1530707	0.1751908	0.4700056
"2025-05-04 11:00:00"	0.0108395	0.006633	0.0152879	0.0354584	0.0903376	0.1306319	0.1674449	0.1718628	0.4662609
"2025-05-04 11:15:00"	0.0111325	0.0065896	0.0178608	0.0378835	0.0882815	0.1307961	0.1600758	0.171929	0.4681873
"2025-05-04 11:30:00"	0.0103147	0.0067165	0.0166647	0.0375493	0.0897155	0.130833	0.1616759	0.1737033	0.4668917
"2025-05-04 11:45:00"	0.0088623	0.0057001	0.0170419	0.0379311	0.0891386	0.1306563	0.1617939	0.171259	0.4681656
"2025-05-04 12:00:00"	0.0096919	0.0042257	0.0159413	0.0377212	0.0917136	0.1301049	0.1662607	0.1709453	0.470321
"2025-05-04 12:15:00"	0.0088593	0.0046005	0.0159754	0.0387375	0.0888095	0.1314596	0.1560279	0.1705903	0.4679001
"2025-05-04 12:30:00"	0.0099313	0.0054957	0.0152855	0.0387232	0.0894072	0.1301984	0.1583848	0.1721883	0.4656715
"2025-05-04 12:45:00"	0.008878	0.0051487	0.014003	0.0384964	0.0884792	0.1310017	0.1653404	0.1740321	0.4644388
"2025-05-04 13:00:00"	0.0089184	0.0048948	0.0154327	0.0354163	0.08821	0.1298246	0.1633622	0.172794	0.4641704
"2025-05-04 13:15:00"	0.0078391	0.0072196	0.0165677	0.0362226	0.0884756	0.1288049	0.1661666	0.1689171	0.4646892
"2025-05-04 13:30:00"	0.0067381	0.0043371	0.0147126	0.0376876	0.0898163	0.130741	0.1670143	0.1730929	0.4673354
"2025-05-04 13:45:00"	0.0083062	0.0058767	0.014662	0.0378051	0.0865364	0.1311564	0.1643746	0.1761692	0.4626948
"2025-05-04 14:00:00"	0.0078678	0.0038709	0.0163055	0.0357341	0.0861289	0.1307802	0.1599293	0.1711273	0.468209
"2025-05-04 14:15:00"	0.0097595	0.0055296	0.0145867	0.0369518	0.0894823	0.13073	0.1566828	0.1724565	0.4665201
"2025-05-04 14:30:00"	0.0082871	0.0046355	0.0161307	0.0376521	0.0874947	0.1299217	0.1605279	0.1735484	0.4643762
"2025-05-04 14:45:00"	0.0088724	0.0052936	0.0148134	0.0368623	0.0900178	0.1293659	0.1605167	0.1691352	0.4664191
"2025-05-04 15:00:00"	0.0073489	0.0022373	0.0147211	0.0383062	0.0858862	0.1298548	0.1578591	0.1708604	0.4671741
"2025-05-04 15:15:00"	0.0066257	0.0057535	0.0144299	0.037179	0.0885181	0.1302909	0.165962	0.1708582	0.4666858
"2025-05-04 15:30:00"	0.0096359	0.0036751	0.0144954	0.0368344	0.0877954	0.1294091	0.1613944	0.1719688	0.4659821
"2025-05-04 15:45:00"	0.0067956	0.0041852	0.0142766	0.0360528	0.0905841	0.1306465	0.1682497	0.1743147	0.4650196
"2025-05-04 16:00:00"	0.0088497	0.0034504	0.0159161	0.0363934	0.0884312	0.1294092	0.1643165	0.1726953	0.46752
"2025-05-04 16:15:00"	0.0076476	0.0040631	0.0143592	0.0363439	0.0892867	0.1304761	0.1658221	0.1688666	0.4667412
"2025-05-04 16:30:00"	0.0083603	0.0027127	0.0137016	0.0370694	0.0894683	0.1300558	0.1590169	0.170491	0.4670381
"2025-05-04 16:45:00"	0.0084611	0.0053027	0.014772	0.0381573	0.0913181	0.1298436	0.1645926	0.1753761	0.4695204
"2025-05-04 17:00:00"	0.0074252	0.0052815	0.0151299	0.0381401	0.0892786	0.1286174	0.1603557	0.1710214	0.4643785
"2025-05-04 17:15:00"	0.00868	0.0052405	0.0138639	0.0343869	0.08684	0.1299942	0.1612788	0.1719566	0.4677086
"2025-05-04 17:30:00"	0.0070363	0.004849	0.0182982	0.0373683	0.0898358	0.1281512	0.159364	0.1725161	0.4616919
"2025-05-04 17:45:00"	0.0063399	0.0029906	0.0175289	0.037719	0.0881041	0.1276432	0.1573924	0.1743192	0.469628
"2025-05-04 18:00:00"	0.0055866	0.0045893	0.0166147	0.0386061	0.0881425	0.1291269	0.1615013	0.1692574	0.4663045
"2025-05-04 18:15:00"	0.0064889	0.0041106	0.0185447	0.0370264	0.0889319	0.1290946	0.1573669	0.171746	0.4674913
"2025-05-04 18:30:00"	0.0073686	0.0044197	0.0140056	0.0373033	0.0891965	0.1287211	0.163844	0.175412	0.4712863
"2025-05-04 18:45:00"	0.0048302	0.0029003	0.0122391	0.037661	0.0870571	0.1302976	0.1693489	0.1717022	0.4664515
"2025-05-04 19:00:00"	0.0057745	0.0029972	0.0161536	0.0362813	0.0886734	0.1287234	0.1629293	0.1725534	0.4697013
"2025-05-04 19:15:00"	0.0073845	0.0042373	0.0156044	0.0378907	0.0874219	0.1288284	0.1617902	0.1727823	0.4656005
"2025-05-04 19:30:00"	0.0036671	0.0033018	0.0137727	0.0365069	0.0884541	0.1284984	0.1615399	0.171962	0.4679923
"2025-05-04 19:45:00"	0.0053401	0.0042161	0.0166974	0.0380712	0.0871536	0.1277669	0.1651502	0.1749044	0.4673706
"2025-05-04 20:00:00"	0.0041966	0.0031295	0.0176052	0.0353213	0.0863811	0.1293987	0.1641931	0.1751771	0.4666424
"2025-05-04 20:15:00"	0.0065834	0.001347	0.0165002	0.037889	0.0911878	0.1294687	0.1611714	0.1724197	0.4682231
"2025-05-04 20:30:00"	0.0068351	0.0041015	0.0146457	0.0395283	0.0886937	0.1316861	0.1644205	0.1725084	0.4680351
"2025-05-04 20:45:00"	0.0064806	0.0042128	0.0159754	0.0368506	0.0896573	0.1302899	0.1630216	0.1710273	0.4681755
"2025-05-04 21:00:00"	0.0048984	0.0010036	0.0161082	0.0356715	0.0880924	0.129463	0.1618933	0.1737672	0.465678
"2025-05-04 21:15:00"	0.0065944	0.0046727	0.015041	0.039592	0.0881333	0.129398	0.1653731	0.1732591	0.470763
"2025-05-04 21:30:00"	0.0039976	0.0041786	0.0177621	0.03654	0.0872954	0.1299964	0.1641389	0.1731759	0.4682881
"2025-05-04 21:45:00"	0.0055892	0.0023769	0.0159795	0.0379447	0.0876657	0.1286103	0.1578547	0.1678053	0.466171
"2025-05-04 22:00:00"	0.0052251	0.0046232	0.0143075	0.0375805	0.0906879	0.1276208	0.1655246	0.1723221	0.4642355
"2025-05-04 22:15:00"	0.0054171	0.0032653	0.0164719	0.0400983	0.088726	0.1294895	0.1655582	0.1676887	0.4700485
"2025-05-04 22:30:00"	0.0047816	0.0025889	0.0155512	0.0380963	0.0888371	0.1282799	0.1612928	0.172231	0.4676789
"2025-05-04 22:45:00"	0.0052293	0.0029511	0.0156952	0.0395311	0.088456	0.1290887	0.1675395	0.172257	0.4655919
"2025-05-04 23:00:00"	0.0053502	0.0024177	0.0151831	0.037766	0.0889851	0.1306524	0.1647507	0.1741932	0.4653978
"2025-05-04 23:15:00"	0.0050845	0.0017232	0.0142175	0.0401592	0.0891182	0.1304949	0.1645619	0.171698	0.4669743
"2025-05-04 23:30:00"	0.0061492	0.0029389	0.0155537	0.0364226	0.0869081	0.1296557	0.1656898	0.1669739	0.46318
"2025-05-04 23:45:00"	0.0083399	0.0013722	0.0169711	0.0357341	0.0872042	0.1284598	0.1639237	0.1711711	0.4635179
"2025-05-05 00:00:00"	0.0055937	0.0021516	0.0156447	0.0373148	0.0854057	0.1285153	0.1607434	0.1706885	0.4667001
"2025-05-05 00:15:00"	0.0054689	0.0041192	0.0145162	0.0362737	0.0894166	0.1304219	0.1613891	0.1719382	0.468794
"2025-05-05 00:30:00"	0.0039145	0.0041794	0.0157804	0.0346609	0.0886538	0.1283241	0.1644925	0.1702926	0.465534
"2025-05-05 00:45:00"	0.0044435	0.0025399	0.0146538	0.0361856	0.0887852	0.1291144	0.1598647	0.1685342	0.4617817
"2025-05-05 01:00:00"	0.0059841	0.0032445	0.0151306	0.036473	0.0868553	0.1273771	0.1631882	0.1712982	0.466285
"2025-05-05 01:15:00"	0.0077199	0.0028682	0.0157203	0.0383734	0.0889771	0.1283758	0.161626	0.1723038	0.4680942
"2025-05-05 01:30:00"	0.0079785	0.0051954	0.0157722	0.0369456	0.0864099	0.127415	0.1607031	0.1719406	0.468658
"2025-05-05 01:45:00"	0.0085245	0.003524	0.0164883	0.0357137	0.0887083	0.1271186	0.1560944	0.1729367	0.4657685
"2025-05-05 02:00:00"	0.0066601	0.0011232	0.0165132	0.0377186	0.090888	0.1314438	0.16576	0.1715248	0.4634077
"2025-05-05 02:15:00"	0.0058446	0.004361	0.0152503	0.0369095	0.0883731	0.1280027	0.1665511	0.1713455	0.4682467
"2025-05-05 02:30:00"	0.0081232	0.0025738	0.0174161	0.0389453	0.0873287	0.1298465	0.1610715	0.1731751	0.4678079
"2025-05-05 02:45:00"	0.007492	0.0040671	0.0150807	0.0364884	0.0884706	0.1267446	0.1635859	0.1722014	0.4657393
"2025-05-05 03:00:00"	0.0071053	0.0038095	0.0155081	0.0369548	0.0886385	0.1254689	0.1666013	0.1714367	0.4667429
"2025-05-05 03:15:00"	0.0084505	0.003426	0.0146119	0.0384269	0.0868819	0.1271681	0.1659198	0.1714344	0.4686737
"2025-05-05 03:30:00"	0.0090526	0.0038262	0.0164313	0.0372026	0.0880214	0.1262333	0.1634972	0.1706666	0.4679005
"2025-05-05 03:45:00"	0.0075274	0.0033462	0.0148971	0.0382281	0.0872768	0.1294975	0.1649226	0.1738186	0.4649344
"2025-05-05 04:00:00"	0.0076994	0.0015527	0.0139658	0.038414	0.0922766	0.1279651	0.163535	0.1711365	0.4653154
"2025-05-05 04:15:00"	0.008716	0.0031105	0.0155658	0.0376923	0.0879212	0.1281506	0.1595462	0.1726859	0.4680374
"2025-05-05 04:30:00"	0.0074099	0.004738	0.0154037	0.0378978	0.0891732	0.1274264	0.1596819	0.1703474	0.4703047
"2025-05-05 04:45:00"	0.008653	0.001964	0.0168537	0.0389733	0.0876093	0.127477	0.1585585	0.1739688	0.4650327
"2025-05-05 05:00:00"	0.0077786	0.0037221	0.0184528	0.0388883	0.0880178	0.1291776	0.1621277	0.1699549	0.4649435
"2025-05-05 05:15:00"	0.0073771	0.0033831	0.0145369	0.0360857	0.0874241	0.1287566	0.1617416	0.1710638	0.4661837
"2025-05-05 05:30:00"	0.0081831	0.0034814	0.0154414	0.0383947	0.0877239	0.1264588	0.1632516	0.1747683	0.465881
"2025-05-05 05:45:00"	0.0075571	0.0017678	0.0165469	0.0402123	0.0882993	0.1290455	0.1589246	0.174323	0.4642598
"2025-05-05 06:00:00"	0.0088657	0.0040329	0.0161744	0.0393856	0.088719	0.1235962	0.1626042	0.1708675	0.4705882
"2025-05-05 06:15:00"	0.0075169	0.0047841	0.0168879	0.0409843	0.0892487	0.1282374	0.1611459	0.1737429	0.4656989
"2025-05-05 06:30:00"	0.0076943	0.004356	0.0162744	0.0373946	0.0883375	0.1286113	0.1610188	0.1713445	0.4712434
"2025-05-05 06:45:00"	0.0046349	0.0024201	0.0129211	0.0395481	0.0892601	0.1265369	0.1635121	0.1706873	0.4692213
"2025-05-05 07:00:00"	0.0077055	0.0040359	0.016302	0.0360035	0.0887119	0.1278049	0.1636596	0.1720184	0.4689089
"2025-05-05 07:15:00"	0.0090477	0.0034031	0.0163146	0.0369899	0.0901677	0.1288255	0.1619326	0.1731103	0.4645404
"2025-05-05 07:30:00"	0.0068886	0.0016936	0.0129804	0.0366127	0.0889995	0.1276297	0.1651936	0.1736212	0.4632452
"2025-05-05 07:45:00"	0.0068038	0.0019056	0.0147899	0.0381774	0.0902056	0.1271112	0.162217	0.1724411	0.4657495
"2025-05-05 08:00:00"	0.0071515	0.0038884	0.0178595	0.0371034	0.0882452	0.1297712	0.1661759	0.1736732	0.4659781
"2025-05-05 08:15:00"	0.0063617	0.0030683	0.0152365	0.0385105	0.0892998	0.1306702	0.1551451	0.1770279	0.4665473
"2025-05-05 08:30:00"	0.0065281	0.0016052	0.0175811	0.0360767	0.0889179	0.1283201	0.1671992	0.1723672	0.4675248
"2025-05-05 08:45:00"	0.0068589	0.002851	0.0160987	0.0380752	0.0905026	0.1287994	0.1601616	0.1692215	0.4682527
"2025-05-05 09:00:00"	0.0078751	0.004357	0.0159211	0.0377015	0.0869247	0.1284753	0.1654658	0.1713769	0.4661053
"2025-05-05 09:15:00"	0.0066054	0.0014482	0.0168119	0.0364927	0.0871719	0.1273536	0.1686455	0.1746151	0.4674995
"2025-05-05 09:30:00"	0.0066528	0.001218	0.0166624	0.0387289	0.0886845	0.1289195	0.1613585	0.1682588	0.4674893
"2025-05-05 09:45:00"	0.0074258	0.0030548	0.0145792	0.0387359	0.0900138	0.1274495	0.1566109	0.1697385	0.463977
"2025-05-05 10:00:00"	0.0060969	0.0016038	0.0156106	0.0380404	0.0887128	0.1286563	0.1608694	0.1714628	0.4661927
"2025-05-05 10:15:00"	0.0068562	0.0039246	0.0161353	0.0385155	0.0879669	0.126437	0.1696667	0.1731292	0.4709275
"2025-05-05 10:30:00"	0.007727	0.0035887	0.0132872	0.0360583	0.0869365	0.1281336	0.1656221	0.1761381	0.4632289
"2025-05-05 10:45:00"	0.0066287	0.0079132	0.0150865	0.0377346	0.0903805	0.1289036	0.1645822	0.1723502	0.4657893
"2025-05-05 11:00:00"	0.0063893	0.002696	0.0162242	0.0382504	0.0905963	0.1284279	0.1628132	0.1738596	0.4670532
"2025-05-05 11:15:00"	0.0071074	0.0035667	0.0135113	0.0368103	0.0887391	0.1295637	0.1649326	0.1703054	0.4684367
"2025-05-05 11:30:00"	0.0061071	0.003599	0.0158127	0.0372353	0.0873427	0.1289141	0.1680737	0.1724984	0.4656607
"2025-05-05 11:45:00"	0.0082611	0.0016219	0.014013	0.0371847	0.0865191	0.1281926	0.1576796	0.1731346	0.4672275
"2025-05-05 12:00:00"	0.0046766	0.0043432	0.0149508	0.0368249	0.0881814	0.1269857	0.1665517	0.1748641	0.4612833
"2025-05-05 12:15:00"	0.0080173	0.002105	0.0160186	0.038367	0.0891217	0.1252744	0.1646513	0.1722543	0.4655656
"2025-05-05 12:30:00"	0.0055084	0.0017579	0.018036	0.0360487	0.0873533	0.1275368	0.1554962	0.1715993	0.4693643
"2025-05-05 12:45:00"	0.0075553	0.0057388	0.0139086	0.037216	0.0879267	0.1277634	0.168872	0.173063	0.467957
"2025-05-05 13:00:00"	0.0104602	0.0029473	0.017133	0.0386043	0.0887271	0.1267538	0.1640843	0.1716602	0.4683993
"2025-05-05 13:15:00"	0.0067706	0.0039515	0.014921	0.0358524	0.0887925	0.1258594	0.1647146	0.1724878	0.4649108
"2025-05-05 13:30:00"	0.0058269	0.0024347	0.0152402	0.0370518	0.0864349	0.127524	0.162063	0.1711311	0.4685862
"2025-05-05 13:45:00"	0.0099679	0.0035855	0.0174646	0.0375638	0.0890109	0.1255488	0.1646172	0.1699179	0.464595
"2025-05-05 14:00:00"	0.0073527	0.0029052	0.016742	0.0389625	0.085516	0.1286535	0.1624235	0.1703574	0.4691369
"2025-05-05 14:15:00"	0.0052371	0.0026746	0.0150839	0.0372943	0.0880906	0.1264409	0.1662194	0.1727515	0.4647397
"2025-05-05 14:30:00"	0.0054748	0.0036526	0.0151192	0.0378479	0.0882844	0.1268518	0.1601251	0.1728809	0.4634839
"2025-05-05 14:45:00"	0.0062062	0.0050279	0.0153366	0.0372244	0.0907302	0.1279788	0.1649144	0.1704721	0.4694307
"2025-05-05 15:00:00"	0.0054633	0.0034777	0.0156157	0.0384445	0.0883347	0.1280864	0.1655044	0.1717695	0.4687394
"2025-05-05 15:15:00"	0.0071674	0.0034484	0.0146072	0.0372927	0.0896498	0.1266221	0.1536292	0.1709709	0.4655704
"2025-05-05 15:30:00"	0.0060467	0.0038876	0.0137399	0.0365001	0.0881652	0.1274902	0.1605407	0.1727852	0.4648843
"2025-05-05 15:45:00"	0.0047941	0.0026306	0.0159059	0.0383356	0.0894018	0.1277876	0.1623255	0.1715076	0.4656886
"2025-05-05 16:00:00"	0.0033372	0.0018714	0.0156736	0.0366277	0.0892798	0.1269023	0.163173	0.1700767	0.4655747
"2025-05-05 16:15:00"	0.0048871	0.0023213	0.0164441	0.0367757	0.0865488	0.1252779	0.1653906	0.1717205	0.4674054
"2025-05-05 16:30:00"	0.0062413	0.0033593	0.0150188	0.036832	0.0881278	0.1282271	0.1591806	0.1694667	0.4689105
"2025-05-05 16:45:00"	0.0055	0.0033978	0.0165641	0.0378484	0.08815	0.1280549	0.1592656	0.1710664	0.4668572
"2025-05-05 17:00:00"	0.0052387	0.0021504	0.0133672	0.0376183	0.0884751	0.1249765	0.1611426	0.1704248	0.4648474
"2025-05-05 17:15:00"	0.0061872	0.0037257	0.0136651	0.0382429	0.0860489	0.127791	0.1648108	0.170388	0.4669771
"2025-05-05 17:30:00"	0.0066338	0.00152	0.0168124	0.0376561	0.0867535	0.127362	0.1641379	0.1717962	0.4663345
"2025-05-05 17:45:00"	0.0041163	0.0013679	0.0138872	0.0379676	0.0847648	0.1283901	0.169777	0.1701509	0.4657191
"2025-05-05 18:00:00"	0.0044194	0.0006158	0.0142195	0.0386825	0.0863399	0.1272442	0.1639442	0.1709047	0.4638414
"2025-05-05 18:15:00"	0.0042419	0.0014802	0.0158742	0.0366466	0.0869964	0.1265043	0.1638436	0.1696772	0.4688899
"2025-05-05 18:30:00"	0.0051268	0.0023194	0.0138781	0.0373978	0.0905845	0.1255897	0.1664498	0.1752756	0.4648655
"2025-05-05 18:45:00"	0.0040526	0.0021218	0.0165164	0.0366472	0.0897165	0.1282649	0.1629453	0.1697559	0.4666305
"2025-05-05 19:00:00"	0.0047882	0.0016116	0.0143745	0.0364075	0.0865649	0.1269686	0.1660492	0.1718618	0.4659207
"2025-05-05 19:15:00"	0.0038364	0.0010272	0.0164013	0.0373455	0.0863327	0.1278179	0.1647264	0.1707499	0.4676009
"2025-05-05 19:30:00"	0.0072173	0.0034077	0.014888	0.0370149	0.0890918	0.1255901	0.1634385	0.1693816	0.465242
"2025-05-05 19:45:00"	0.0052491	0.0023928	0.0163252	0.0376234	0.0889688	0.1279364	0.1658792	0.1743678	0.4611769
"2025-05-05 20:00:00"	0.0030906	0.0032899	0.0155144	0.0379802	0.0877986	0.1271486	0.1610814	0.1737666	0.4644427
"2025-05-05 20:15:00"	0.0054291	0.0026356	0.0133171	0.0373749	0.0879777	0.1282132	0.1674398	0.1716785	0.4674506
"2025-05-05 20:30:00"	0.0056188	0.0026109	0.0148127	0.0367106	0.08917	0.1266275	0.1611081	0.170501	0.4640078
"2025-05-05 20:45:00"	0.0052964	0.0030033	0.019253	0.0361697	0.0887259	0.1306853	0.1571982	0.1704543	0.468291
"2025-05-05 21:00:00"	0.0054546	0.0027532	0.0155679	0.0376975	0.0897564	0.1297123	0.1699206	0.1706583	0.4650984
"2025-05-05 21:15:00"	0.0035492	0.0018809	0.0171656	0.0393303	0.0885244	0.1267366	0.1639219	0.1705122	0.4657113
"2025-05-05 21:30:00"	0.0043883	0.0040146	0.0158409	0.0367146	0.0866264	0.129336	0.1668004	0.1699628	0.4629667
"2025-05-05 21:45:00"	0.004842	0.0034384	0.0136343	0.0380598	0.0877652	0.1255748	0.163057	0.170663	0.4629981
"2025-05-05 22:00:00"	0.0052913	0.0025158	0.0162976	0.0369913	0.0900241	0.1276304	0.1594665	0.1684857	0.4659195
"2025-05-05 22:15:00"	0.0042533	0.0014897	0.0150564	0.0374468	0.0874823	0.1264982	0.1630063	0.1718246	0.4636141
"2025-05-05 22:30:00"	0.0032161	0.0040061	0.0155082	0.0369007	0.0883574	0.1257139	0.1612028	0.1733401	0.4675859
"2025-05-05 22:45:00"	0.0052154	0.0015656	0.0166422	0.0384844	0.0883334	0.1286049	0.1678025	0.1715431	0.4638395
"2025-05-05 23:00:00"	0.0041691	0.0009897	0.0163691	0.037135	0.0872633	0.1279128	0.1643831	0.1743322	0.4668463
"2025-05-05 23:15:00"	0.0044775	0.0028883	0.0158014	0.0399195	0.0896836	0.12575	0.1591339	0.1718559	0.4624698
"2025-05-05 23:30:00"	0.0037041	0.0003362	0.0176822	0.0383443	0.0876305	0.1261489	0.1650753	0.167953	0.4626127
"2025-05-05 23:45:00"	0.0040084	0.0015898	0.0150437	0.0374618	0.0887989	0.1259328	0.1619784	0.1691718	0.463351
"2025-05-06 00:00:00"	0.004993	0.0003164	0.0133351	0.0354425	0.086496	0.1286238	0.1672402	0.1721784	0.4656552
"2025-05-06 00:15:00"	0.0039035	0.0014076	0.0141479	0.0374877	0.0886896	0.1287841	0.1590725	0.1744151	0.4662012
"2025-05-06 00:30:00"	0.0021815	0.001246	0.0162823	0.038615	0.0895888	0.1258348	0.1647679	0.17162	0.4609405
"2025-05-06 00:45:00"	0.0053973	0.0016723	0.0163884	0.0379176	0.0903434	0.1281628	0.1605328	0.17397	0.4663096
"2025-05-06 01:00:00"	0.0045281	0.0003784	0.0151726	0.0376516	0.0884453	0.125503	0.166769	0.1700793	0.4654845
"2025-05-06 01:15:00"	0.0037517	0.0020429	0.0153602	0.0396151	0.0886113	0.1269131	0.1647305	0.1725907	0.4684142
"2025-05-06 01:30:00"	0.005583	0.0026066	0.0171461	0.038805	0.087946	0.1268769	0.1711737	0.1679179	0.4631791
"2025-05-06 01:45:00"	0.0055929	0.0023976	0.016311	0.0380578	0.0888208	0.1243802	0.1634634	0.1715804	0.4635524
"2025-05-06 02:00:00"	0.0050118	0.0025546	0.0155001	0.0346451	0.0877303	0.126459	0.1572546	0.1734976	0.4644976
"2025-05-06 02:15:00"	0.0063624	0.0019179	0.0149509	0.0393219	0.086495	0.1272146	0.160508	0.1734154	0.4636013
"2025-05-06 02:30:00"	0.0053311	0.0017906	0.0150911	0.0375357	0.0866409	0.1270763	0.1580084	0.1718233	0.4656968
"2025-05-06 02:45:00"	0.0032594	0.0007062	0.0150537	0.0380858	0.0879745	0.1252812	0.162576	0.1721396	0.4671267
"2025-05-06 03:15:00"	0.0039814	0.0033446	0.0163255	0.0369429	0.0891422	0.1250874	0.1624806	0.172554	0.4655533
"2025-05-06 03:30:00"	0.0034914	0.0026142	0.015324	0.0372606	0.089314	0.1248358	0.1615835	0.1711743	0.4645495
"2025-05-06 03:45:00"	0.0027813	0.0028079	0.0177841	0.0378333	0.0877917	0.1284713	0.1674752	0.1717819	0.4644837
"2025-05-06 04:00:00"	0.0046029	0.0019617	0.0170373	0.0381829	0.0870214	0.1266946	0.1570869	0.173805	0.4674966
"2025-05-06 04:15:00"	0.0024552	0.0012581	0.0155852	0.0375418	0.0893403	0.1262103	0.1670849	0.1741704	0.4652178
"2025-05-06 04:30:00"	0.00495	0.0037893	0.0148167	0.0367398	0.0901661	0.1260779	0.1641378	0.1700161	0.4621279
"2025-05-06 04:45:00"	0.0057782	0.002573	0.016482	0.0361027	0.0866776	0.1269222	0.16465	0.169947	0.4666127
"2025-05-06 05:00:00"	0.0039018	0.001902	0.0156947	0.0375619	0.0895756	0.1252789	0.1639136	0.172832	0.4651629
"2025-05-06 05:15:00"	0.0052258	0.0027134	0.0185053	0.0378304	0.0895627	0.1275748	0.1655264	0.1716395	0.4680125
"2025-05-06 05:30:00"	0.0039395	0.0028825	0.017875	0.0409973	0.0871408	0.126941	0.1648587	0.1729015	0.4663393
"2025-05-06 05:45:00"	0.0024299	0.0016745	0.0156216	0.0369838	0.0888682	0.1290738	0.1695705	0.172365	0.4668033
"2025-05-06 06:00:00"	0.0041329	0.0034423	0.016527	0.0389104	0.08945	0.1251453	0.1610417	0.1725718	0.4662362
"2025-05-06 06:15:00"	0.0044413	0.0026232	0.0154298	0.0349583	0.0864656	0.1278587	0.1618633	0.1676	0.4658193
"2025-05-06 06:30:00"	0.0044455	0.0012799	0.014813	0.0389013	0.0891549	0.1244858	0.1648779	0.1704922	0.4669161
"2025-05-06 06:45:00"	0.0041644	0.0001581	0.0155078	0.0375612	0.0869692	0.1254327	0.1561561	0.170397	0.4671762
"2025-05-06 07:00:00"	0.0031616	0.0013638	0.0170534	0.038478	0.0855188	0.1255452	0.1598277	0.1732672	0.4672377
"2025-05-06 07:15:00"	0.0048231	0.0008818	0.0125842	0.0375873	0.0891634	0.1280331	0.1611042	0.174443	0.4664756
"2025-05-06 07:30:00"	0.0040358	0.0007095	0.01615	0.038387	0.086637	0.1245336	0.1597099	0.1716767	0.4593747
"2025-05-06 07:45:00"	0.0051971	0.000687	0.0169249	0.0370751	0.0896283	0.1260525	0.1592212	0.1685336	0.4629493
"2025-05-06 08:00:00"	0.006684	0.0018163	0.0140071	0.0384936	0.0918356	0.1261104	0.1654441	0.1716761	0.465546
"2025-05-06 08:15:00"	0.0053524	0.0035054	0.0160494	0.0359178	0.0907489	0.1271819	0.1645083	0.1707309	0.4663006
"2025-05-06 08:30:00"	0.0056659	0.0005546	0.0152358	0.034987	0.0876626	0.1245664	0.1608962	0.1713027	0.4667243
"2025-05-06 08:45:00"	0.0048513	0.0029637	0.0142932	0.0362288	0.0868271	0.1239102	0.1658299	0.1725794	0.4604183
"2025-05-06 09:00:00"	0.0046997	0.0005769	0.0135572	0.036446	0.0885665	0.1276303	0.1598623	0.1684668	0.4635355
"2025-05-06 09:15:00"	0.0038947	0.0022138	0.0162408	0.0369403	0.089025	0.1268924	0.163971	0.1709278	0.4647974
"2025-05-06 09:30:00"	0.0032039	0.0052529	0.0131778	0.0362551	0.0895865	0.1261234	0.1646849	0.169706	0.4655635
"2025-05-06 09:45:00"	0.0044854	0.0040788	0.0153739	0.0390879	0.0875296	0.1260035	0.1587103	0.1717789	0.466172
"2025-05-06 10:00:00"	0.0053451	0.0022998	0.0177657	0.0387954	0.0894884	0.1236992	0.1551293	0.1685183	0.4655707
"2025-05-06 10:15:00"	0.0062563	0.0017984	0.014471	0.035996	0.0906227	0.124246	0.1696356	0.1691204	0.4634227
"2025-05-06 10:30:00"	0.0051269	0.0029508	0.0132614	0.0376413	0.0912082	0.1291054	0.1636073	0.1693545	0.4667092
"2025-05-06 10:45:00"	0.0050008	0.0016634	0.0145436	0.0344746	0.086771	0.1257942	0.1663669	0.1706937	0.4623866
"2025-05-06 11:00:00"	0.0051299	0.0021267	0.0167477	0.0369676	0.0906951	0.1265986	0.1672655	0.1710608	0.4633479
"2025-05-06 11:15:00"	0.0041901	0.0014622	0.0135485	0.0397096	0.0892283	0.1275949	0.1697658	0.1713227	0.4664938
"2025-05-06 11:30:00"	0.006743	0.0024508	0.0158597	0.0383997	0.0894124	0.1270556	0.1642046	0.1685011	0.4671681
"2025-05-06 11:45:00"	0.007016	0.0021772	0.0154937	0.0359225	0.0852607	0.1230188	0.1690498	0.1730246	0.4650897
"2025-05-06 12:00:00"	0.0046416	0.0019921	0.0160589	0.0365579	0.0893267	0.1240033	0.1600395	0.1705271	0.4653746
"2025-05-06 12:15:00"	0.0060128	0.0030154	0.0157799	0.0354965	0.0888854	0.1270194	0.156824	0.171474	0.4626178
"2025-05-06 12:30:00"	0.005671	0.002085	0.0152079	0.0365946	0.0866738	0.1248528	0.1640632	0.1739351	0.4641989
"2025-05-06 12:45:00"	0.0059632	0.002771	0.0172144	0.0382002	0.0902873	0.1265629	0.1610981	0.1717914	0.4648517
"2025-05-06 13:00:00"	0.0050244	0.0036739	0.014761	0.0372045	0.0871551	0.1247844	0.1653294	0.1716631	0.4604232
"2025-05-06 13:15:00"	0.0039606	0.001083	0.0147943	0.0375871	0.0862915	0.1277329	0.165379	0.1709579	0.4635174
"2025-05-06 13:30:00"	0.0043114	0.0025083	0.0153171	0.0372329	0.0887876	0.1277876	0.161492	0.1710957	0.4650438
"2025-05-06 14:00:00"	0.0048851	0.0004811	0.014104	0.0363773	0.0875315	0.1239471	0.158733	0.1727101	0.4581346
"2025-05-06 14:15:00"	0.0049233	0.0034268	0.0157852	0.0375099	0.0894004	0.1265226	0.1596557	0.1717075	0.4647606
"2025-05-06 14:30:00"	0.0055939	0.00132	0.0171699	0.0355569	0.0874749	0.125256	0.1609915	0.1696771	0.4639294
"2025-05-06 15:00:00"	0.0051679	0.0020202	0.0137135	0.0382049	0.0908442	0.1242559	0.1628524	0.1714876	0.4661475
"2025-05-06 15:15:00"	0.0032844	0.0018619	0.0164619	0.0378326	0.0894619	0.1253235	0.1654399	0.1688699	0.4590823
"2025-05-06 15:30:00"	0.0039511	0.0021939	0.014758	0.0365086	0.089373	0.1239431	0.1654473	0.1681395	0.4676076
"2025-05-06 15:45:00"	0.0065103	0.0030954	0.014765	0.0395574	0.0868365	0.1230334	0.1614902	0.1701417	0.4640057
"2025-05-06 16:00:00"	0.0041579	0.0008342	0.0142362	0.0368304	0.0893051	0.1245993	0.1619773	0.1724836	0.4628516
"2025-05-06 16:15:00"	0.0058054	0.0023435	0.0153133	0.0357066	0.0882099	0.1282463	0.1622957	0.174511	0.4664196
"2025-05-06 16:30:00"	0.0048282	0.0019502	0.0155612	0.0359825	0.0882583	0.1271056	0.1618877	0.1707435	0.4645894
"2025-05-06 16:45:00"	0.0033503	0.003844	0.0162849	0.0356428	0.0874209	0.1235245	0.1618908	0.1695199	0.4624319
"2025-05-06 17:00:00"	0.0049313	0.0029034	0.0147387	0.0353238	0.0882602	0.1230516	0.1590354	0.171192	0.4627004
"2025-05-06 17:15:00"	0.0084642	0.0017075	0.0161176	0.0379129	0.0880096	0.1255948	0.1646805	0.1726805	0.4658907
"2025-05-06 17:30:00"	0.004514	0.0011531	0.0161297	0.0356758	0.0861335	0.1273043	0.1641022	0.1700123	0.4626968
"2025-05-06 17:45:00"	0.0062353	0.0045235	0.014257	0.0369405	0.0870097	0.1243498	0.1644962	0.1707074	0.4682846
"2025-05-06 18:00:00"	0.0087745	0.0015924	0.0162146	0.035242	0.087862	0.1240561	0.1625086	0.1716271	0.4659915
"2025-05-06 18:15:00"	0.0087756	0.0032834	0.0140683	0.0358519	0.0890453	0.1258248	0.1621092	0.16736	0.4643171
"2025-05-06 18:30:00"	0.0075618	0.0028446	0.0134574	0.0342536	0.0864827	0.1250129	0.1611391	0.1698278	0.4620735
"2025-05-06 18:45:00"	0.009889	0.0019897	0.0139371	0.0346784	0.0862351	0.1260599	0.1608218	0.1723913	0.4676897
"2025-05-06 19:00:00"	0.0087737	0.0043825	0.0173395	0.0362213	0.0897066	0.1245027	0.1612656	0.1718814	0.4633769
"2025-05-06 19:15:00"	0.008434	0.0009319	0.0155209	0.0352908	0.0881644	0.1253392	0.1568327	0.1726622	0.4647135
"2025-05-06 19:30:00"	0.0123621	0.0041708	0.0173664	0.0384064	0.0886332	0.1272272	0.1553177	0.1708734	0.4638748
"2025-05-06 19:45:00"	0.0088126	0.0024013	0.0150233	0.037951	0.0880602	0.1246407	0.160052	0.1720399	0.467645
"2025-05-06 20:00:00"	0.0109	0.005165	0.015713	0.0363721	0.0874607	0.1242409	0.1546849	0.1656373	0.4671143
"2025-05-06 20:15:00"	0.0104181	0.0024334	0.0177913	0.038699	0.0870498	0.1273461	0.1617258	0.1743506	0.465202
"2025-05-06 20:30:00"	0.0114365	0.0042872	0.0165592	0.0363422	0.0894529	0.1269722	0.1642629	0.1703681	0.4658249
"2025-05-06 20:45:00"	0.0095247	0.0045231	0.0171865	0.037359	0.0886444	0.1252404	0.1610188	0.1684508	0.4632984
"2025-05-06 21:00:00"	0.0089404	0.0029882	0.0143116	0.0362903	0.0888327	0.1258835	0.1607411	0.1712888	0.4663581
"2025-05-06 21:15:00"	0.0086202	0.0035244	0.0134761	0.0373785	0.0889677	0.1251267	0.1640484	0.1722476	0.4617838
"2025-05-06 21:30:00"	0.0084332	0.0026278	0.0156629	0.0381375	0.0900352	0.125934	0.1615866	0.1699557	0.4662414
"2025-05-06 21:45:00"	0.0092657	0.0033638	0.0152692	0.0383613	0.0885979	0.1245486	0.161754	0.1722464	0.4655152
"2025-05-06 22:00:00"	0.0070503	0.0045906	0.0141039	0.0374035	0.0891062	0.1232553	0.1629975	0.1689351	0.463373
"2025-05-06 22:15:00"	0.0094559	0.0025874	0.0132264	0.0375039	0.0884478	0.1241875	0.1725149	0.1728308	0.4638706
"2025-05-06 22:30:00"	0.0086841	0.0051485	0.0154621	0.0384983	0.088568	0.1257273	0.1632914	0.1723032	0.4616233
"2025-05-06 22:45:00"	0.0089387	0.003787	0.0158457	0.0391731	0.0885575	0.1273369	0.1653716	0.1738087	0.465616
"2025-05-06 23:00:00"	0.010819	0.0037537	0.0165131	0.0372641	0.0874638	0.126142	0.1575246	0.1729811	0.4667388
"2025-05-06 23:15:00"	0.0071881	0.0030086	0.0150306	0.0386691	0.0894489	0.1232513	0.160588	0.170113	0.4620574
"2025-05-06 23:30:00"	0.0083269	0.0022483	0.0145319	0.0364643	0.0876755	0.124498	0.1555546	0.1711971	0.4646461
"2025-05-06 23:45:00"	0.0086966	0.0032857	0.0147254	0.0386572	0.0878326	0.1258339	0.1667805	0.1708641	0.463984
"2025-05-07 00:00:00"	0.0081982	0.0024145	0.0152231	0.0381829	0.0879079	0.1261902	0.1643683	0.1720204	0.4607503
"2025-05-07 00:15:00"	0.0100601	0.0028113	0.0179954	0.0382584	0.0889557	0.1268238	0.1607902	0.173236	0.4660317
"2025-05-07 00:30:00"	0.0078551	0.0010772	0.0159708	0.0379494	0.0884073	0.1255079	0.1574197	0.1696275	0.4668716
"2025-05-07 00:45:00"	0.008344	0.0040824	0.0156171	0.0381103	0.0906233	0.1257397	0.1579504	0.1724017	0.4650396
"2025-05-07 01:00:00"	0.0068632	0.0023581	0.0146765	0.038743	0.0890073	0.1247063	0.1661567	0.1669018	0.466571
"2025-05-07 01:15:00"	0.0090865	0.0025964	0.0158009	0.0383095	0.0888167	0.1246948	0.1611961	0.1698795	0.4687668
"2025-05-07 01:30:00"	0.0085012	0.0015927	0.0160867	0.0361348	0.0871999	0.1239604	0.1662089	0.1725942	0.4646158
"2025-05-07 01:45:00"	0.0100413	0.0032962	0.017504	0.0361397	0.0880317	0.1253008	0.1651237	0.1715508	0.4688278
"2025-05-07 02:00:00"	0.0084836	0.0037472	0.0154208	0.0381512	0.0875805	0.1250236	0.1623693	0.1653838	0.4656269
"2025-05-07 02:15:00"	0.007591	0.004134	0.0146524	0.0379321	0.0887007	0.1251653	0.1607109	0.1701896	0.4685567
"2025-05-07 02:30:00"	0.0074863	0.0031315	0.0166337	0.0371065	0.0864604	0.1229181	0.1614147	0.1728811	0.4615636
"2025-05-07 02:45:00"	0.0069678	0.0032235	0.0151248	0.0373417	0.0897705	0.1251877	0.1672378	0.1714119	0.4675575
"2025-05-07 03:00:00"	0.0085787	0.0034872	0.0153282	0.0380644	0.0909966	0.1263875	0.1623024	0.17223	0.4590467
"2025-05-07 03:15:00"	0.005753	0.0038125	0.0146674	0.037879	0.0905376	0.1254236	0.1591983	0.1706926	0.4639025
"2025-05-07 03:30:00"	0.0064986	0.0015408	0.0165114	0.0381644	0.0914567	0.1231663	0.1623514	0.1745252	0.4654844
"2025-05-07 03:45:00"	0.008573	0.0053332	0.0159489	0.0367468	0.087702	0.1273765	0.16123	0.1730692	0.4671953
"2025-05-07 04:00:00"	0.0070794	0.003521	0.0175557	0.0371945	0.0920228	0.1266401	0.1591766	0.1716685	0.4643171
"2025-05-07 04:15:00"	0.0105417	0.0048567	0.0153268	0.0369452	0.0874062	0.127852	0.1575861	0.1699079	0.4656335
"2025-05-07 04:30:00"	0.0071485	0.0024914	0.0161682	0.0374873	0.0891928	0.1235278	0.1611284	0.1699658	0.4661177
"2025-05-07 04:45:00"	0.0057982	0.0032714	0.0134907	0.0374752	0.0887595	0.1223202	0.1627194	0.1715396	0.4611244
"2025-05-07 05:00:00"	0.0069774	0.002765	0.0150491	0.0366686	0.0867376	0.1244361	0.1629901	0.1725712	0.4664064
"2025-05-07 05:15:00"	0.0060877	0.0029104	0.0159284	0.036853	0.091358	0.1267377	0.1605635	0.1704714	0.4615823
"2025-05-07 05:30:00"	0.0073811	0.0044922	0.0146506	0.0377512	0.0899503	0.1267693	0.1617071	0.1703904	0.467211
"2025-05-07 05:45:00"	0.007859	0.0019168	0.0140094	0.0378084	0.0881233	0.1225365	0.1607902	0.1677158	0.4640866
"2025-05-07 06:00:00"	0.0077659	0.0036413	0.0150047	0.0405193	0.0895163	0.1247614	0.1605455	0.1702514	0.465004
"2025-05-07 06:15:00"	0.0074322	0.0043565	0.0171021	0.0386619	0.0901223	0.1271618	0.1650436	0.1720143	0.4681685
"2025-05-07 06:30:00"	0.0095664	0.0026241	0.0158474	0.0393435	0.0904247	0.1236288	0.1579826	0.1691876	0.4631592
"2025-05-07 06:45:00"	0.0085207	0.0011555	0.0159941	0.0375972	0.0886914	0.1230775	0.1590348	0.1700241	0.4659336
"2025-05-07 07:00:00"	0.0043798	0.0024816	0.0160273	0.0370556	0.0884341	0.1272467	0.167588	0.171119	0.4665287
"2025-05-07 07:15:00"	0.0066652	0.0017859	0.0186602	0.0387122	0.0898776	0.1232123	0.1602366	0.1708393	0.4668631
"2025-05-07 07:30:00"	0.0071527	0.0010145	0.0158783	0.038109	0.0895039	0.1254494	0.1635298	0.1720198	0.4616921
"2025-05-07 07:45:00"	0.0071791	0.0031108	0.0176699	0.038365	0.0895132	0.1246881	0.1645052	0.1719847	0.4636141
"2025-05-07 08:00:00"	0.0075826	0.0015679	0.0131827	0.038206	0.0873994	0.1236347	0.1591841	0.1669201	0.4660989
"2025-05-07 08:15:00"	0.006477	0.0050516	0.0158196	0.0382326	0.0878355	0.1254023	0.164638	0.1709136	0.4632061
"2025-05-07 08:30:00"	0.0064536	0.0027243	0.0145916	0.0396013	0.0864914	0.1250188	0.1615144	0.1688984	0.4641029
"2025-05-07 08:45:00"	0.007379	0.00366	0.0141698	0.0390923	0.0902334	0.1239062	0.1578661	0.1713379	0.466367
"2025-05-07 09:00:00"	0.0094264	8.43e-05	0.0155087	0.0373237	0.0878949	0.1263451	0.1658308	0.1709759	0.4665439
"2025-05-07 09:15:00"	0.0073408	0.0019242	0.0171022	0.040579	0.0884833	0.1266535	0.1634332	0.1704402	0.4635554
"2025-05-07 09:30:00"	0.0075721	0.0035777	0.0164697	0.0401312	0.0895342	0.1243127	0.1633836	0.1709085	0.4625079
"2025-05-07 09:45:00"	0.00901	0.0038047	0.0142725	0.0387568	0.088376	0.1258324	0.1596082	0.1696535	0.4663947
"2025-05-07 10:00:00"	0.0081796	0.0040185	0.0174353	0.0363545	0.0899477	0.1253174	0.1635084	0.1720435	0.4668819
"2025-05-07 10:15:00"	0.008588	0.0046778	0.0163212	0.036507	0.0900771	0.1239596	0.1635022	0.1710856	0.464809
"2025-05-07 10:30:00"	0.0059808	0.0024579	0.0143699	0.0384352	0.087782	0.1245924	0.1620447	0.1686849	0.4634233
"2025-05-07 10:45:00"	0.0084835	0.0021516	0.0157812	0.036084	0.0904189	0.1261315	0.1584673	0.1717667	0.4650529
"2025-05-07 11:00:00"	0.0087916	0.0037327	0.0166031	0.038036	0.0882266	0.124489	0.160632	0.17385	0.4650113
"2025-05-07 11:15:00"	0.0089751	0.0043856	0.0142495	0.0404452	0.0895823	0.1262142	0.1591018	0.1718341	0.4657094
"2025-05-07 11:30:00"	0.0069606	0.0024917	0.0162439	0.0374314	0.0879227	0.1235206	0.1602131	0.1711932	0.4616855
"2025-05-07 11:45:00"	0.0075721	0.0026584	0.0138573	0.0402253	0.0890095	0.1238945	0.1624662	0.1696595	0.4612979
"2025-05-07 12:00:00"	0.01015	0.0027406	0.0156101	0.0365092	0.0881063	0.1248107	0.1564882	0.1709302	0.4602188
"2025-05-07 12:15:00"	0.0084193	0.0028225	0.0139363	0.0388402	0.089427	0.1239295	0.1611099	0.1742897	0.4616505
"2025-05-07 12:30:00"	0.0068534	0.0009872	0.0174328	0.037415	0.0884119	0.1235527	0.1548861	0.1710439	0.4632492
"2025-05-07 12:45:00"	0.0078184	0.0036313	0.0142145	0.037025	0.0876109	0.1256673	0.1599633	0.1720175	0.4658272
"2025-05-07 13:00:00"	0.0081867	0.0026865	0.0163448	0.0364803	0.0902395	0.123983	0.1559919	0.1700752	0.4639152
"2025-05-07 13:15:00"	0.0082266	0.0039813	0.0149652	0.0381386	0.0921704	0.1256638	0.1619858	0.1716833	0.4611419
"2025-05-07 13:30:00"	0.0076844	0.0017475	0.0167458	0.0392315	0.0885295	0.1244396	0.1547896	0.1681014	0.4646509
"2025-05-07 13:45:00"	0.0061995	0.0050873	0.015693	0.0370982	0.0891858	0.125137	0.1555806	0.1699575	0.4625241
"2025-05-07 14:00:00"	0.0088228	0.0036315	0.0158575	0.0380501	0.089853	0.123678	0.161835	0.1697174	0.4662687
"2025-05-07 14:15:00"	0.0083109	0.0019648	0.0156018	0.0366616	0.0886244	0.1225614	0.1645016	0.1690817	0.4659027
"2025-05-07 14:30:00"	0.0072967	0.0050511	0.0164988	0.0382164	0.0901752	0.1236073	0.160394	0.1731757	0.4661207
"2025-05-07 14:45:00"	0.0068669	0.0036387	0.0166428	0.0367723	0.0893189	0.1246958	0.1643851	0.1682734	0.4673009
"2025-05-07 15:00:00"	0.0087601	0.0040683	0.0156151	0.0379424	0.0898747	0.1239969	0.1608502	0.1727646	0.4669996
"2025-05-07 15:15:00"	0.0078589	0.0051235	0.0138683	0.0378611	0.0878412	0.1258858	0.1557361	0.172551	0.4637064
"2025-05-07 15:30:00"	0.008648	0.0017826	0.0149734	0.0371879	0.0911835	0.1204166	0.158653	0.1733727	0.4654986
"2025-05-07 15:45:00"	0.0073592	0.00449	0.0146064	0.0375255	0.0904113	0.1247185	0.1555502	0.1693644	0.465438
"2025-05-07 16:00:00"	0.0065645	0.0056801	0.0160376	0.0359523	0.086995	0.1270342	0.1531689	0.1697287	0.4642809
"2025-05-07 16:15:00"	0.0075157	0.0027781	0.0160548	0.038431	0.088409	0.1243896	0.1609586	0.1692006	0.4640733
"2025-05-07 16:30:00"	0.0074175	0.003769	0.0160484	0.0379602	0.0887217	0.1235005	0.1603651	0.1693133	0.4606073
"2025-05-07 16:45:00"	0.0068099	0.004668	0.0146437	0.0378931	0.0906037	0.124966	0.1579517	0.1714124	0.4615327
"2025-05-07 17:00:00"	0.0076684	0.005122	0.0148373	0.0371155	0.0895872	0.1279111	0.161754	0.1717253	0.4629864
"2025-05-07 17:15:00"	0.0056028	0.0027738	0.016117	0.0364993	0.090789	0.1244487	0.1673722	0.1681274	0.4638718
"2025-05-07 17:30:00"	0.0067507	0.0025851	0.0160552	0.0389639	0.0890731	0.1246971	0.1630198	0.1733372	0.4644358
"2025-05-07 17:45:00"	0.0064874	0.0041901	0.0155571	0.037302	0.0890903	0.1241038	0.1593175	0.1703295	0.4668244
"2025-05-07 18:00:00"	0.0056205	0.0014371	0.0161192	0.0347839	0.0890059	0.1252428	0.1586048	0.1699581	0.4639647
"2025-05-07 18:15:00"	0.0066902	0.0028899	0.0157979	0.0374166	0.0873769	0.1227622	0.1580361	0.1706891	0.4612013
"2025-05-07 18:30:00"	0.0084495	0.0011181	0.013833	0.0352327	0.0903206	0.1241199	0.1643888	0.171678	0.4614983
"2025-05-07 18:45:00"	0.0058857	0.0019639	0.0141102	0.0376357	0.0899167	0.1254729	0.1564361	0.1720768	0.4660519
"2025-05-07 19:00:00"	0.0052945	0.0020076	0.0176887	0.0401747	0.0909864	0.1247527	0.1648203	0.1719542	0.4657011
"2025-05-07 19:15:00"	0.0056163	0.0021956	0.0139896	0.0393709	0.0891015	0.1252198	0.1606513	0.1718974	0.459019
"2025-05-07 19:45:00"	0.0055713	0.00255	0.016982	0.0392958	0.0880262	0.1236856	0.1590453	0.1707571	0.4666735
"2025-05-07 20:00:00"	0.0059743	0.0043391	0.0148016	0.0373711	0.0882946	0.1253316	0.1621569	0.1715839	0.4629328
"2025-05-07 20:15:00"	0.0067027	0.0030584	0.0172229	0.0372518	0.0889174	0.1242298	0.1591289	0.172525	0.4645004
"2025-05-07 20:30:00"	0.0070417	0.0008968	0.0170067	0.0376814	0.0884402	0.124609	0.1610819	0.174337	0.4639533
"2025-05-07 20:45:00"	0.0059424	0.0043488	0.0162478	0.0380137	0.0902812	0.1254393	0.1638108	0.1700303	0.4621431
"2025-05-07 21:00:00"	0.0039343	0.0043759	0.0142414	0.0385412	0.0888227	0.1243018	0.1654545	0.1689867	0.4662451
"2025-05-07 21:15:00"	0.0041354	0.0046909	0.0152004	0.0360657	0.0887765	0.1268592	0.1644307	0.1730816	0.4636918
"2025-05-07 21:30:00"	0.0042915	0.002703	0.0173836	0.0374865	0.0887017	0.1230557	0.1597491	0.1702733	0.4664976
"2025-05-07 21:45:00"	0.0056959	0.0040815	0.0169794	0.039588	0.0901553	0.1236298	0.1643539	0.1710206	0.4625531
"2025-05-07 22:00:00"	0.0064062	0.0035382	0.0151088	0.0377417	0.0896669	0.1256368	0.164017	0.1710753	0.4642099
"2025-05-07 22:15:00"	0.0049612	0.0032715	0.0149011	0.0388913	0.0901103	0.1248141	0.1624295	0.1693638	0.4600272
"2025-05-07 22:30:00"	0.0065731	0.0024019	0.0147085	0.0351921	0.0899005	0.1254364	0.1624852	0.1735679	0.4648615
"2025-05-07 22:45:00"	0.0067616	0.0035624	0.0138476	0.0396072	0.0880949	0.1243101	0.1667882	0.1712586	0.4681388
"2025-05-07 23:00:00"	0.0068469	0.0025371	0.014534	0.0373952	0.0900928	0.1258183	0.1541069	0.1716643	0.463088
"2025-05-07 23:15:00"	0.0058785	0.0032753	0.0138338	0.0393395	0.0917217	0.1224218	0.1624338	0.1718281	0.4648537
"2025-05-07 23:30:00"	0.0056992	1.85e-05	0.0176451	0.036609	0.0886471	0.1250602	0.1548229	0.1710829	0.4622923
"2025-05-07 23:45:00"	0.005617	0.0025831	0.0175004	0.0368545	0.0898369	0.1250373	0.1623794	0.1716732	0.4648223
"2025-05-08 00:00:00"	0.006236	0.0020435	0.0152	0.0361983	0.088559	0.1246922	0.1600503	0.1696837	0.4636184
"2025-05-08 00:15:00"	0.0068828	0.002303	0.0142329	0.0381877	0.0892303	0.1270394	0.1607562	0.1718825	0.465393
"2025-05-08 00:30:00"	0.0057039	0.0027672	0.0163683	0.0372148	0.0895053	0.1248443	0.1638375	0.1713396	0.4643065
"2025-05-08 00:45:00"	0.0059485	0.0006321	0.0138204	0.0368659	0.0876419	0.1257279	0.1607735	0.1718097	0.4673813
"2025-05-08 01:00:00"	0.0072718	0.0029595	0.0179025	0.0387938	0.0871577	0.1247391	0.1650277	0.1710557	0.4635149
"2025-05-08 01:15:00"	0.005082	0.0014147	0.0154183	0.0396106	0.0887615	0.1251926	0.1625175	0.1703273	0.4639406
"2025-05-08 01:30:00"	0.0091222	0.0022705	0.0150335	0.0382739	0.0896769	0.1252189	0.1594638	0.1676165	0.4653295
"2025-05-08 01:45:00"	0.0051933	0.0022392	0.0168683	0.0384019	0.0913191	0.125427	0.1628862	0.1744135	0.4630656
"2025-05-08 02:00:00"	0.0032911	0.0047374	0.01645	0.0378449	0.0875455	0.1252183	0.1615008	0.1732043	0.4607649
"2025-05-08 02:15:00"	0.0038738	0.0021512	0.0157722	0.0390035	0.0888929	0.1255368	0.1668931	0.1709508	0.4605784
"2025-05-08 02:30:00"	0.005811	0.0022286	0.0152228	0.0371155	0.0894192	0.1252675	0.1666431	0.1697983	0.4656321
"2025-05-08 02:45:00"	0.0063847	0.0036823	0.0143239	0.0363538	0.0879041	0.1239809	0.1598772	0.1738672	0.46257
"2025-05-08 03:00:00"	0.0044339	0.0029428	0.015038	0.0372042	0.0911672	0.125558	0.1660058	0.1689949	0.4631373
"2025-05-08 03:15:00"	0.0043789	0.0030617	0.0157604	0.0371043	0.0906776	0.1275854	0.1603475	0.1730583	0.4662313
"2025-05-08 03:30:00"	0.0050521	0.0029587	0.0166599	0.0364712	0.0907592	0.1254762	0.1603141	0.173142	0.4612327
"2025-05-08 03:45:00"	0.0046419	0.0017077	0.0144365	0.038724	0.0880349	0.125789	0.16157	0.1690235	0.4655953
"2025-05-08 04:00:00"	0.0059304	0.0037562	0.015461	0.0362079	0.090737	0.1223027	0.1556677	0.1679563	0.4643222
"2025-05-08 04:15:00"	0.0047342	0.0027228	0.0169979	0.0385693	0.0902221	0.1239461	0.1593878	0.1678263	0.4594997
"2025-05-08 04:30:00"	0.0056444	0.0030302	0.0173098	0.0396179	0.0902366	0.1252154	0.162473	0.1750247	0.4653646
"2025-05-08 04:45:00"	0.0042702	0.0009635	0.0154607	0.0361709	0.0907409	0.1234378	0.1596596	0.1706736	0.4627469
"2025-05-08 05:00:00"	0.0056133	0.0017759	0.0157327	0.0384376	0.0898104	0.1226735	0.1581667	0.1725623	0.4639044
"2025-05-08 05:15:00"	0.0053525	0.0023677	0.0176106	0.0354721	0.0898443	0.1247837	0.162164	0.1709955	0.4661715
"2025-05-08 05:30:00"	0.0045423	0.0023801	0.0162254	0.0387277	0.0886287	0.1247265	0.162044	0.1731449	0.4650958
"2025-05-08 05:45:00"	0.0043156	0.004145	0.0154632	0.0374255	0.0905444	0.1260286	0.160989	0.1715349	0.4643838
"2025-05-08 06:00:00"	0.0055284	0.0027323	0.0162062	0.0391229	0.0876008	0.1214976	0.1588025	0.1724914	0.4641616
"2025-05-08 06:15:00"	0.005501	0.0012297	0.0164747	0.0358891	0.0908612	0.1246637	0.1628965	0.1722017	0.4645155
"2025-05-08 06:30:00"	0.0065757	0.0006329	0.0153535	0.0398329	0.0895577	0.1265976	0.163174	0.1727567	0.4623822
"2025-05-08 06:45:00"	0.0048475	0.0020607	0.0146416	0.0356223	0.0889031	0.1239034	0.1651227	0.1708112	0.4651031
"2025-05-08 07:00:00"	0.0050509	0.0031421	0.0134019	0.0366419	0.0877597	0.1242203	0.1628334	0.1712054	0.4615726
"2025-05-08 07:15:00"	0.0058752	0.0007155	0.0145699	0.0385595	0.0906327	0.1249858	0.162799	0.1715261	0.4617966
"2025-05-08 07:30:00"	0.00517	0.0029271	0.013712	0.0366012	0.0899556	0.1241501	0.1639047	0.1717086	0.4642757
"2025-05-08 07:45:00"	0.0048189	0.0039527	0.0162565	0.0350154	0.0894711	0.1249509	0.1581135	0.171054	0.4641948
"2025-05-08 08:00:00"	0.0067563	0.0014374	0.0149747	0.0384117	0.0894524	0.1255013	0.1598509	0.1724566	0.4659172
"2025-05-08 08:15:00"	0.0057061	0.0040091	0.0167826	0.0380119	0.0874484	0.1235078	0.1602294	0.1739799	0.4674369
"2025-05-08 08:30:00"	0.0043571	0.0013218	0.0144046	0.0393302	0.0914158	0.1252881	0.1591134	0.1678754	0.4636966
"2025-05-08 08:45:00"	0.0071802	0.0021786	0.0156605	0.0363101	0.0914961	0.1237872	0.1571683	0.1711604	0.4619341
"2025-05-08 09:00:00"	0.0050412	0.0008986	0.0161657	0.0367896	0.0900345	0.1244397	0.1611272	0.1706346	0.460419
"2025-05-08 09:15:00"	0.006622	0.0038225	0.0172965	0.0365562	0.0911089	0.1266466	0.1643763	0.1727443	0.464156
"2025-05-08 09:30:00"	0.0032275	0.0031861	0.0174325	0.0367996	0.0907359	0.1243278	0.1660869	0.1716317	0.4641381
"2025-05-08 09:45:00"	0.0067799	0.0013291	0.0144666	0.036785	0.0879091	0.1249836	0.161682	0.1706866	0.4629298
"2025-05-08 10:00:00"	0.0048064	0.0031578	0.0156086	0.0363913	0.0888128	0.123247	0.1632845	0.1720288	0.4625398
"2025-05-08 10:15:00"	0.004215	0.0017029	0.0156269	0.0376269	0.0883702	0.1240626	0.1621848	0.1746441	0.4646876
"2025-05-08 10:30:00"	0.0062088	0.0032495	0.016443	0.0362428	0.0902075	0.12279	0.1654162	0.1717269	0.4634201
"2025-05-08 10:45:00"	0.004783	0.001472	0.0164318	0.038722	0.0888558	0.1230311	0.1561519	0.1719242	0.4654171
"2025-05-08 11:00:00"	0.0070248	0.0020376	0.0149998	0.0389603	0.0891814	0.1240885	0.1621934	0.1728085	0.4633688
